-- KeyframeSequence Export
-- Generated on 2026-04-26 00:13:37
-- Length: 7.3667s  |  Keyframes: 455

local KeyframeSequence = Instance.new("KeyframeSequence")
KeyframeSequence.Name = "RecordedAnimation"
local cf = CFrame.new

-- Keyframe 1 (Time: 0.0000)
local keyframe1 = Instance.new("Keyframe")
keyframe1.Time = 0.0000
keyframe1.Parent = KeyframeSequence

-- HumanoidRootPart
local HumanoidRootPart_k1_HumanoidRootPart = Instance.new("Pose")
HumanoidRootPart_k1_HumanoidRootPart.Name = "HumanoidRootPart"
HumanoidRootPart_k1_HumanoidRootPart.CFrame = cf(0.000000, 0.000000, 0.000000, 1.000000, 0.000000, 0.000000, 0.000000, 1.000000, 0.000000, 0.000000, 0.000000, 1.000000)
HumanoidRootPart_k1_HumanoidRootPart.Parent = keyframe1

-- Torso
local Torso_k1_HumanoidRootPart_Torso = Instance.new("Pose")
Torso_k1_HumanoidRootPart_Torso.Name = "Torso"
Torso_k1_HumanoidRootPart_Torso.CFrame = cf(0.008315, 0.021511, -0.208624, 0.982346, -0.186922, 0.007543, 0.186708, 0.982146, 0.022991, -0.011706, -0.021177, 0.999707)
Torso_k1_HumanoidRootPart_Torso.Parent = HumanoidRootPart_k1_HumanoidRootPart

-- Left Leg
local Left_Leg_k1_HumanoidRootPart_Torso = Instance.new("Pose")
Left_Leg_k1_HumanoidRootPart_Torso.Name = "Left Leg"
Left_Leg_k1_HumanoidRootPart_Torso.CFrame = cf(-0.407481, 0.271205, 0.223663, 0.974220, -0.138382, 0.178171, 0.083226, 0.954522, 0.286289, -0.209686, -0.264080, 0.941432)
Left_Leg_k1_HumanoidRootPart_Torso.Parent = Torso_k1_HumanoidRootPart_Torso

-- Right Leg
local Right_Leg_k1_HumanoidRootPart_Torso = Instance.new("Pose")
Right_Leg_k1_HumanoidRootPart_Torso.Name = "Right Leg"
Right_Leg_k1_HumanoidRootPart_Torso.CFrame = cf(0.522356, 0.205600, 0.155371, 0.899432, 0.259659, -0.351567, -0.205813, 0.961249, 0.183415, 0.385569, -0.092613, 0.918019)
Right_Leg_k1_HumanoidRootPart_Torso.Parent = Torso_k1_HumanoidRootPart_Torso

-- Left Arm
local Left_Arm_k1_HumanoidRootPart_Torso = Instance.new("Pose")
Left_Arm_k1_HumanoidRootPart_Torso.Name = "Left Arm"
Left_Arm_k1_HumanoidRootPart_Torso.CFrame = cf(-0.141029, 0.465477, -0.062246, -0.997658, 0.010812, -0.067541, -0.026705, -0.970632, 0.239081, -0.062973, 0.240325, 0.968648)
Left_Arm_k1_HumanoidRootPart_Torso.Parent = Torso_k1_HumanoidRootPart_Torso

-- Right Arm
local Right_Arm_k1_HumanoidRootPart_Torso = Instance.new("Pose")
Right_Arm_k1_HumanoidRootPart_Torso.Name = "Right Arm"
Right_Arm_k1_HumanoidRootPart_Torso.CFrame = cf(0.338336, 0.407370, -0.016822, -0.997957, 0.062664, -0.012468, -0.063821, -0.986901, 0.148169, -0.003019, 0.148662, 0.988884)
Right_Arm_k1_HumanoidRootPart_Torso.Parent = Torso_k1_HumanoidRootPart_Torso

-- Head
local Head_k1_HumanoidRootPart_Torso_Head = Instance.new("Pose")
Head_k1_HumanoidRootPart_Torso_Head.Name = "Head"
Head_k1_HumanoidRootPart_Torso_Head.CFrame = cf(0.000000, -0.000001, 0.016662, 0.961687, 0.255321, 0.099844, -0.259048, 0.965511, 0.026116, -0.089732, -0.050980, 0.994660)
Head_k1_HumanoidRootPart_Torso_Head.Parent = Torso_k1_HumanoidRootPart_Torso

-- Keyframe 2 (Time: 0.0160)
keyframe2 = Instance.new("Keyframe")
keyframe2.Time = 0.0160
keyframe2.Parent = KeyframeSequence

-- HumanoidRootPart
 HumanoidRootPart_k2_HumanoidRootPart = Instance.new("Pose")
HumanoidRootPart_k2_HumanoidRootPart.Name = "HumanoidRootPart"
HumanoidRootPart_k2_HumanoidRootPart.CFrame = cf(0.000000, 0.000000, 0.000000, 1.000000, 0.000000, 0.000000, 0.000000, 1.000000, 0.000000, 0.000000, 0.000000, 1.000000)
HumanoidRootPart_k2_HumanoidRootPart.Parent = keyframe2

-- Torso
 Torso_k2_HumanoidRootPart_Torso = Instance.new("Pose")
Torso_k2_HumanoidRootPart_Torso.Name = "Torso"
Torso_k2_HumanoidRootPart_Torso.CFrame = cf(0.008207, 0.021788, -0.202219, 0.980733, -0.195250, 0.006354, 0.195063, 0.980529, 0.022656, -0.010654, -0.020980, 0.999723)
Torso_k2_HumanoidRootPart_Torso.Parent = HumanoidRootPart_k2_HumanoidRootPart

-- Left Leg
 Left_Leg_k2_HumanoidRootPart_Torso = Instance.new("Pose")
Left_Leg_k2_HumanoidRootPart_Torso.Name = "Left Leg"
Left_Leg_k2_HumanoidRootPart_Torso.CFrame = cf(-0.396865, 0.265386, 0.220479, 0.977246, -0.125179, 0.171232, 0.073013, 0.956475, 0.282533, -0.199147, -0.263602, 0.943851)
Left_Leg_k2_HumanoidRootPart_Torso.Parent = Torso_k2_HumanoidRootPart_Torso

-- Right Leg
 Right_Leg_k2_HumanoidRootPart_Torso = Instance.new("Pose")
Right_Leg_k2_HumanoidRootPart_Torso.Name = "Right Leg"
Right_Leg_k2_HumanoidRootPart_Torso.CFrame = cf(0.507559, 0.202455, 0.155018, 0.896974, 0.257625, -0.359260, -0.201632, 0.961609, 0.186151, 0.393425, -0.094534, 0.914484)
Right_Leg_k2_HumanoidRootPart_Torso.Parent = Torso_k2_HumanoidRootPart_Torso

-- Left Arm
 Left_Arm_k2_HumanoidRootPart_Torso = Instance.new("Pose")
Left_Arm_k2_HumanoidRootPart_Torso.Name = "Left Arm"
Left_Arm_k2_HumanoidRootPart_Torso.CFrame = cf(-0.141047, 0.473251, -0.062429, -0.997330, 0.016433, -0.071147, -0.032880, -0.971042, 0.236635, -0.065198, 0.238343, 0.968990)
Left_Arm_k2_HumanoidRootPart_Torso.Parent = Torso_k2_HumanoidRootPart_Torso

-- Right Arm
 Right_Arm_k2_HumanoidRootPart_Torso = Instance.new("Pose")
Right_Arm_k2_HumanoidRootPart_Torso.Name = "Right Arm"
Right_Arm_k2_HumanoidRootPart_Torso.CFrame = cf(0.338419, 0.415123, -0.016806, -0.998164, 0.056673, -0.021365, -0.059180, -0.987658, 0.145015, -0.012883, 0.146013, 0.989199)
Right_Arm_k2_HumanoidRootPart_Torso.Parent = Torso_k2_HumanoidRootPart_Torso

-- Head
 Head_k2_HumanoidRootPart_Torso_Head = Instance.new("Pose")
Head_k2_HumanoidRootPart_Torso_Head.Name = "Head"
Head_k2_HumanoidRootPart_Torso_Head.CFrame = cf(0.000000, 0.000000, 0.016662, 0.958973, 0.267685, 0.093359, -0.270779, 0.962391, 0.021977, -0.083965, -0.046355, 0.995390)
Head_k2_HumanoidRootPart_Torso_Head.Parent = Torso_k2_HumanoidRootPart_Torso

-- Keyframe 3 (Time: 0.0371)
keyframe3 = Instance.new("Keyframe")
keyframe3.Time = 0.0371
keyframe3.Parent = KeyframeSequence

-- HumanoidRootPart
 HumanoidRootPart_k3_HumanoidRootPart = Instance.new("Pose")
HumanoidRootPart_k3_HumanoidRootPart.Name = "HumanoidRootPart"
HumanoidRootPart_k3_HumanoidRootPart.CFrame = cf(0.000000, 0.000000, 0.000000, 1.000000, 0.000000, 0.000000, 0.000000, 1.000000, 0.000000, 0.000000, 0.000000, 1.000000)
HumanoidRootPart_k3_HumanoidRootPart.Parent = keyframe3

-- Torso
 Torso_k3_HumanoidRootPart_Torso = Instance.new("Pose")
Torso_k3_HumanoidRootPart_Torso.Name = "Torso"
Torso_k3_HumanoidRootPart_Torso.CFrame = cf(0.008376, 0.022100, -0.193704, 0.978480, -0.206284, 0.004857, 0.206131, 0.978275, 0.022093, -0.009308, -0.020616, 0.999744)
Torso_k3_HumanoidRootPart_Torso.Parent = HumanoidRootPart_k3_HumanoidRootPart

-- Left Leg
 Left_Leg_k3_HumanoidRootPart_Torso = Instance.new("Pose")
Left_Leg_k3_HumanoidRootPart_Torso.Name = "Left Leg"
Left_Leg_k3_HumanoidRootPart_Torso.CFrame = cf(-0.381857, 0.257353, 0.216436, 0.980969, -0.107078, 0.161968, 0.058848, 0.958914, 0.277526, -0.185031, -0.262713, 0.946966)
Left_Leg_k3_HumanoidRootPart_Torso.Parent = Torso_k3_HumanoidRootPart_Torso

-- Right Leg
 Right_Leg_k3_HumanoidRootPart_Torso = Instance.new("Pose")
Right_Leg_k3_HumanoidRootPart_Torso.Name = "Right Leg"
Right_Leg_k3_HumanoidRootPart_Torso.CFrame = cf(0.487257, 0.198340, 0.153980, 0.893641, 0.254628, -0.369554, -0.195575, 0.962112, 0.189978, 0.403926, -0.097497, 0.909581)
Right_Leg_k3_HumanoidRootPart_Torso.Parent = Torso_k3_HumanoidRootPart_Torso

-- Left Arm
 Left_Arm_k3_HumanoidRootPart_Torso = Instance.new("Pose")
Left_Arm_k3_HumanoidRootPart_Torso.Name = "Left Arm"
Left_Arm_k3_HumanoidRootPart_Torso.CFrame = cf(-0.140814, 0.473846, -0.062521, -0.996751, 0.024512, -0.076722, -0.041813, -0.971628, 0.232789, -0.068839, 0.235241, 0.969496)
Left_Arm_k3_HumanoidRootPart_Torso.Parent = Torso_k3_HumanoidRootPart_Torso

-- Right Arm
 Right_Arm_k3_HumanoidRootPart_Torso = Instance.new("Pose")
Right_Arm_k3_HumanoidRootPart_Torso.Name = "Right Arm"
Right_Arm_k3_HumanoidRootPart_Torso.CFrame = cf(0.338291, 0.415703, -0.016954, -0.998262, 0.048884, -0.032913, -0.053031, -0.988737, 0.139951, -0.025701, 0.141453, 0.989611)
Right_Arm_k3_HumanoidRootPart_Torso.Parent = Torso_k3_HumanoidRootPart_Torso

-- Head
 Head_k3_HumanoidRootPart_Torso_Head = Instance.new("Pose")
Head_k3_HumanoidRootPart_Torso_Head.Name = "Head"
Head_k3_HumanoidRootPart_Torso_Head.CFrame = cf(0.000000, -0.000000, 0.016662, 0.955128, 0.283657, 0.085255, -0.286050, 0.958063, 0.017054, -0.076842, -0.040676, 0.996213)
Head_k3_HumanoidRootPart_Torso_Head.Parent = Torso_k3_HumanoidRootPart_Torso

-- Keyframe 4 (Time: 0.0496)
keyframe4 = Instance.new("Keyframe")
keyframe4.Time = 0.0496
keyframe4.Parent = KeyframeSequence

-- HumanoidRootPart
 HumanoidRootPart_k4_HumanoidRootPart = Instance.new("Pose")
HumanoidRootPart_k4_HumanoidRootPart.Name = "HumanoidRootPart"
HumanoidRootPart_k4_HumanoidRootPart.CFrame = cf(0.000000, 0.000000, 0.000000, 1.000000, 0.000000, 0.000000, 0.000000, 1.000000, 0.000000, 0.000000, 0.000000, 1.000000)
HumanoidRootPart_k4_HumanoidRootPart.Parent = keyframe4

-- Torso
 Torso_k4_HumanoidRootPart_Torso = Instance.new("Pose")
Torso_k4_HumanoidRootPart_Torso.Name = "Torso"
Torso_k4_HumanoidRootPart_Torso.CFrame = cf(0.008530, 0.022200, -0.190193, 0.977507, -0.210860, 0.004227, 0.210722, 0.977302, 0.021826, -0.008733, -0.020444, 0.999753)
Torso_k4_HumanoidRootPart_Torso.Parent = HumanoidRootPart_k4_HumanoidRootPart

-- Left Leg
 Left_Leg_k4_HumanoidRootPart_Torso = Instance.new("Pose")
Left_Leg_k4_HumanoidRootPart_Torso.Name = "Left Leg"
Left_Leg_k4_HumanoidRootPart_Torso.CFrame = cf(-0.375497, 0.253988, 0.214835, 0.982395, -0.099495, 0.158115, 0.052888, 0.959872, 0.275405, -0.179172, -0.262194, 0.948236)
Left_Leg_k4_HumanoidRootPart_Torso.Parent = Torso_k4_HumanoidRootPart_Torso

-- Right Leg
 Right_Leg_k4_HumanoidRootPart_Torso = Instance.new("Pose")
Right_Leg_k4_HumanoidRootPart_Torso.Name = "Right Leg"
Right_Leg_k4_HumanoidRootPart_Torso.CFrame = cf(0.478763, 0.196705, 0.153414, 0.892238, 0.253311, -0.373825, -0.192929, 0.962322, 0.191609, 0.408277, -0.098839, 0.907492)
Right_Leg_k4_HumanoidRootPart_Torso.Parent = Torso_k4_HumanoidRootPart_Torso

-- Left Arm
 Left_Arm_k4_HumanoidRootPart_Torso = Instance.new("Pose")
Left_Arm_k4_HumanoidRootPart_Torso.Name = "Left Arm"
Left_Arm_k4_HumanoidRootPart_Torso.CFrame = cf(-0.140640, 0.469318, -0.062484, -0.996457, 0.027993, -0.079313, -0.045685, -0.971893, 0.230948, -0.070619, 0.233753, 0.969728)
Left_Arm_k4_HumanoidRootPart_Torso.Parent = Torso_k4_HumanoidRootPart_Torso

-- Right Arm
 Right_Arm_k4_HumanoidRootPart_Torso = Instance.new("Pose")
Right_Arm_k4_HumanoidRootPart_Torso.Name = "Right Arm"
Right_Arm_k4_HumanoidRootPart_Torso.CFrame = cf(0.338168, 0.411168, -0.017118, -0.998245, 0.045787, -0.037568, -0.050551, -0.989197, 0.137603, -0.030862, 0.139261, 0.989775)
Right_Arm_k4_HumanoidRootPart_Torso.Parent = Torso_k4_HumanoidRootPart_Torso

-- Head
 Head_k4_HumanoidRootPart_Torso_Head = Instance.new("Pose")
Head_k4_HumanoidRootPart_Torso_Head.Name = "Head"
Head_k4_HumanoidRootPart_Torso_Head.CFrame = cf(0.000000, -0.000000, 0.016661, 0.953457, 0.290145, 0.082075, -0.292292, 0.956208, 0.015208, -0.074069, -0.038490, 0.996510)
Head_k4_HumanoidRootPart_Torso_Head.Parent = Torso_k4_HumanoidRootPart_Torso

-- Keyframe 5 (Time: 0.0654)
keyframe5 = Instance.new("Keyframe")
keyframe5.Time = 0.0654
keyframe5.Parent = KeyframeSequence

-- HumanoidRootPart
 HumanoidRootPart_k5_HumanoidRootPart = Instance.new("Pose")
HumanoidRootPart_k5_HumanoidRootPart.Name = "HumanoidRootPart"
HumanoidRootPart_k5_HumanoidRootPart.CFrame = cf(0.000000, 0.000000, 0.000000, 1.000000, 0.000000, 0.000000, 0.000000, 1.000000, 0.000000, 0.000000, 0.000000, 1.000000)
HumanoidRootPart_k5_HumanoidRootPart.Parent = keyframe5

-- Torso
 Torso_k5_HumanoidRootPart_Torso = Instance.new("Pose")
Torso_k5_HumanoidRootPart_Torso.Name = "Torso"
Torso_k5_HumanoidRootPart_Torso.CFrame = cf(0.009208, 0.022373, -0.181247, 0.974900, -0.222626, 0.002664, 0.222523, 0.974700, 0.021060, -0.007285, -0.019938, 0.999775)
Torso_k5_HumanoidRootPart_Torso.Parent = HumanoidRootPart_k5_HumanoidRootPart

-- Left Leg
 Left_Leg_k5_HumanoidRootPart_Torso = Instance.new("Pose")
Left_Leg_k5_HumanoidRootPart_Torso.Name = "Left Leg"
Left_Leg_k5_HumanoidRootPart_Torso.CFrame = cf(-0.358498, 0.245160, 0.210906, 0.985729, -0.079723, 0.148262, 0.037206, 0.962144, 0.269991, -0.164174, -0.260622, 0.951380)
Left_Leg_k5_HumanoidRootPart_Torso.Parent = Torso_k5_HumanoidRootPart_Torso

-- Right Leg
 Right_Leg_k5_HumanoidRootPart_Torso = Instance.new("Pose")
Right_Leg_k5_HumanoidRootPart_Torso.Name = "Right Leg"
Right_Leg_k5_HumanoidRootPart_Torso.CFrame = cf(0.456624, 0.192590, 0.151520, 0.888592, 0.249766, -0.384735, -0.185889, 0.962873, 0.195756, 0.419345, -0.102429, 0.902030)
Right_Leg_k5_HumanoidRootPart_Torso.Parent = Torso_k5_HumanoidRootPart_Torso

-- Left Arm
 Left_Arm_k5_HumanoidRootPart_Torso = Instance.new("Pose")
Left_Arm_k5_HumanoidRootPart_Torso.Name = "Left Arm"
Left_Arm_k5_HumanoidRootPart_Torso.CFrame = cf(-0.140021, 0.441679, -0.062081, -0.995536, 0.037321, -0.086686, -0.056109, -0.972589, 0.225658, -0.075888, 0.229515, 0.970342)
Left_Arm_k5_HumanoidRootPart_Torso.Parent = Torso_k5_HumanoidRootPart_Torso

-- Right Arm
 Right_Arm_k5_HumanoidRootPart_Torso = Instance.new("Pose")
Right_Arm_k5_HumanoidRootPart_Torso.Name = "Right Arm"
Right_Arm_k5_HumanoidRootPart_Torso.CFrame = cf(0.337711, 0.383536, -0.017876, -0.998060, 0.038022, -0.049301, -0.044197, -0.990406, 0.130929, -0.043850, 0.132854, 0.990165)
Right_Arm_k5_HumanoidRootPart_Torso.Parent = Torso_k5_HumanoidRootPart_Torso

-- Head
 Head_k5_HumanoidRootPart_Torso_Head = Instance.new("Pose")
Head_k5_HumanoidRootPart_Torso_Head.Name = "Head"
Head_k5_HumanoidRootPart_Torso_Head.CFrame = cf(0.000000, -0.000001, 0.016662, 0.949004, 0.306363, 0.074384, -0.307975, 0.951331, 0.010979, -0.067400, -0.033328, 0.997169)
Head_k5_HumanoidRootPart_Torso_Head.Parent = Torso_k5_HumanoidRootPart_Torso

-- Keyframe 6 (Time: 0.0822)
keyframe6 = Instance.new("Keyframe")
keyframe6.Time = 0.0822
keyframe6.Parent = KeyframeSequence

-- HumanoidRootPart
 HumanoidRootPart_k6_HumanoidRootPart = Instance.new("Pose")
HumanoidRootPart_k6_HumanoidRootPart.Name = "HumanoidRootPart"
HumanoidRootPart_k6_HumanoidRootPart.CFrame = cf(0.000000, 0.000000, 0.000000, 1.000000, 0.000000, 0.000000, 0.000000, 1.000000, 0.000000, 0.000000, 0.000000, 1.000000)
HumanoidRootPart_k6_HumanoidRootPart.Parent = keyframe6

-- Torso
 Torso_k6_HumanoidRootPart_Torso = Instance.new("Pose")
Torso_k6_HumanoidRootPart_Torso.Name = "Torso"
Torso_k6_HumanoidRootPart_Torso.CFrame = cf(0.009878, 0.022419, -0.175796, 0.973223, -0.229854, 0.001802, 0.229770, 0.973029, 0.020522, -0.006471, -0.019559, 0.999788)
Torso_k6_HumanoidRootPart_Torso.Parent = HumanoidRootPart_k6_HumanoidRootPart

-- Left Leg
 Left_Leg_k6_HumanoidRootPart_Torso = Instance.new("Pose")
Left_Leg_k6_HumanoidRootPart_Torso.Name = "Left Leg"
Left_Leg_k6_HumanoidRootPart_Torso.CFrame = cf(-0.347352, 0.239515, 0.208660, 0.987551, -0.067202, 0.142222, 0.027160, 0.963414, 0.266638, -0.154937, -0.259456, 0.953246)
Left_Leg_k6_HumanoidRootPart_Torso.Parent = Torso_k6_HumanoidRootPart_Torso

-- Right Leg
 Right_Leg_k6_HumanoidRootPart_Torso = Instance.new("Pose")
Right_Leg_k6_HumanoidRootPart_Torso.Name = "Right Leg"
Right_Leg_k6_HumanoidRootPart_Torso.CFrame = cf(0.442620, 0.190136, 0.149916, 0.886348, 0.247431, -0.391362, -0.181272, 0.963206, 0.198429, 0.426060, -0.104934, 0.898589)
Right_Leg_k6_HumanoidRootPart_Torso.Parent = Torso_k6_HumanoidRootPart_Torso

-- Left Arm
 Left_Arm_k6_HumanoidRootPart_Torso = Instance.new("Pose")
Left_Arm_k6_HumanoidRootPart_Torso.Name = "Left Arm"
Left_Arm_k6_HumanoidRootPart_Torso.CFrame = cf(-0.139498, 0.412472, -0.061613, -0.994808, 0.043546, -0.091981, -0.063096, -0.973064, 0.221732, -0.079848, 0.226385, 0.970760)
Left_Arm_k6_HumanoidRootPart_Torso.Parent = Torso_k6_HumanoidRootPart_Torso

-- Right Arm
 Right_Arm_k6_HumanoidRootPart_Torso = Instance.new("Pose")
Right_Arm_k6_HumanoidRootPart_Torso.Name = "Right Arm"
Right_Arm_k6_HumanoidRootPart_Torso.CFrame = cf(0.337316, 0.354315, -0.018616, -0.997857, 0.033553, -0.056175, -0.040425, -0.991198, 0.126063, -0.051451, 0.128063, 0.990430)
Right_Arm_k6_HumanoidRootPart_Torso.Parent = Torso_k6_HumanoidRootPart_Torso

-- Head
 Head_k6_HumanoidRootPart_Torso_Head = Instance.new("Pose")
Head_k6_HumanoidRootPart_Torso_Head.Name = "Head"
Head_k6_HumanoidRootPart_Torso_Head.CFrame = cf(0.000000, -0.000001, 0.016662, 0.946160, 0.315978, 0.070281, -0.317336, 0.948272, 0.008797, -0.063866, -0.030626, 0.997488)
Head_k6_HumanoidRootPart_Torso_Head.Parent = Torso_k6_HumanoidRootPart_Torso

-- Keyframe 7 (Time: 0.1050)
keyframe7 = Instance.new("Keyframe")
keyframe7.Time = 0.1050
keyframe7.Parent = KeyframeSequence

-- HumanoidRootPart
 HumanoidRootPart_k7_HumanoidRootPart = Instance.new("Pose")
HumanoidRootPart_k7_HumanoidRootPart.Name = "HumanoidRootPart"
HumanoidRootPart_k7_HumanoidRootPart.CFrame = cf(0.000000, 0.000000, 0.000000, 1.000000, 0.000000, 0.000000, 0.000000, 1.000000, 0.000000, 0.000000, 0.000000, 1.000000)
HumanoidRootPart_k7_HumanoidRootPart.Parent = keyframe7

-- Torso
 Torso_k7_HumanoidRootPart_Torso = Instance.new("Pose")
Torso_k7_HumanoidRootPart_Torso.Name = "Torso"
Torso_k7_HumanoidRootPart_Torso.CFrame = cf(0.011783, 0.022369, -0.164914, 0.969700, -0.244301, 0.000107, 0.244253, 0.969519, 0.019300, -0.004819, -0.018689, 0.999814)
Torso_k7_HumanoidRootPart_Torso.Parent = HumanoidRootPart_k7_HumanoidRootPart

-- Left Leg
 Left_Leg_k7_HumanoidRootPart_Torso = Instance.new("Pose")
Left_Leg_k7_HumanoidRootPart_Torso.Name = "Left Leg"
Left_Leg_k7_HumanoidRootPart_Torso.CFrame = cf(-0.323837, 0.227848, 0.204466, 0.990635, -0.041378, 0.130114, 0.006220, 0.965659, 0.259740, -0.136393, -0.256498, 0.956873)
Left_Leg_k7_HumanoidRootPart_Torso.Parent = Torso_k7_HumanoidRootPart_Torso

-- Right Leg
 Right_Leg_k7_HumanoidRootPart_Torso = Instance.new("Pose")
Right_Leg_k7_HumanoidRootPart_Torso.Name = "Right Leg"
Right_Leg_k7_HumanoidRootPart_Torso.CFrame = cf(0.413680, 0.185361, 0.145889, 0.881730, 0.242217, -0.404823, -0.171208, 0.963918, 0.203839, 0.439590, -0.110422, 0.891385)
Right_Leg_k7_HumanoidRootPart_Torso.Parent = Torso_k7_HumanoidRootPart_Torso

-- Left Arm
 Left_Arm_k7_HumanoidRootPart_Torso = Instance.new("Pose")
Left_Arm_k7_HumanoidRootPart_Torso.Name = "Left Arm"
Left_Arm_k7_HumanoidRootPart_Torso.CFrame = cf(-0.138288, 0.338451, -0.060389, -0.992924, 0.057066, -0.104143, -0.078266, -0.974024, 0.212489, -0.089312, 0.219136, 0.971598)
Left_Arm_k7_HumanoidRootPart_Torso.Parent = Torso_k7_HumanoidRootPart_Torso

-- Right Arm
 Right_Arm_k7_HumanoidRootPart_Torso = Instance.new("Pose")
Right_Arm_k7_HumanoidRootPart_Torso.Name = "Right Arm"
Right_Arm_k7_HumanoidRootPart_Torso.CFrame = cf(0.336411, 0.280282, -0.020460, -0.997267, 0.024993, -0.069523, -0.032886, -0.992842, 0.114821, -0.066156, 0.116793, 0.990951)
Right_Arm_k7_HumanoidRootPart_Torso.Parent = Torso_k7_HumanoidRootPart_Torso

-- Head
 Head_k7_HumanoidRootPart_Torso_Head = Instance.new("Pose")
Head_k7_HumanoidRootPart_Torso_Head.Name = "Head"
Head_k7_HumanoidRootPart_Torso_Head.CFrame = cf(0.000000, -0.000000, 0.016662, 0.940254, 0.334566, 0.063147, -0.335547, 0.942009, 0.005314, -0.057707, -0.026185, 0.997990)
Head_k7_HumanoidRootPart_Torso_Head.Parent = Torso_k7_HumanoidRootPart_Torso

-- Keyframe 8 (Time: 0.1238)
keyframe8 = Instance.new("Keyframe")
keyframe8.Time = 0.1238
keyframe8.Parent = KeyframeSequence

-- HumanoidRootPart
 HumanoidRootPart_k8_HumanoidRootPart = Instance.new("Pose")
HumanoidRootPart_k8_HumanoidRootPart.Name = "HumanoidRootPart"
HumanoidRootPart_k8_HumanoidRootPart.CFrame = cf(0.000000, 0.000000, 0.000000, 1.000000, 0.000000, 0.000000, 0.000000, 1.000000, 0.000000, 0.000000, 0.000000, 1.000000)
HumanoidRootPart_k8_HumanoidRootPart.Parent = keyframe8

-- Torso
 Torso_k8_HumanoidRootPart_Torso = Instance.new("Pose")
Torso_k8_HumanoidRootPart_Torso.Name = "Torso"
Torso_k8_HumanoidRootPart_Torso.CFrame = cf(0.013569, 0.022204, -0.157765, 0.967220, -0.253939, -0.000957, 0.253913, 0.967053, 0.018371, -0.003739, -0.018012, 0.999831)
Torso_k8_HumanoidRootPart_Torso.Parent = HumanoidRootPart_k8_HumanoidRootPart

-- Left Leg
 Left_Leg_k8_HumanoidRootPart_Torso = Instance.new("Pose")
Left_Leg_k8_HumanoidRootPart_Torso.Name = "Left Leg"
Left_Leg_k8_HumanoidRootPart_Torso.CFrame = cf(-0.307141, 0.219763, 0.201978, 0.992239, -0.023638, 0.122074, -0.008345, 0.966891, 0.255052, -0.124061, -0.254092, 0.959190)
Left_Leg_k8_HumanoidRootPart_Torso.Parent = Torso_k8_HumanoidRootPart_Torso

-- Right Leg
 Right_Leg_k8_HumanoidRootPart_Torso = Instance.new("Pose")
Right_Leg_k8_HumanoidRootPart_Torso.Name = "Right Leg"
Right_Leg_k8_HumanoidRootPart_Torso.CFrame = cf(0.393925, 0.182348, 0.142549, 0.878590, 0.238497, -0.413763, -0.164000, 0.964362, 0.207628, 0.448536, -0.114562, 0.886392)
Right_Leg_k8_HumanoidRootPart_Torso.Parent = Torso_k8_HumanoidRootPart_Torso

-- Left Arm
 Left_Arm_k8_HumanoidRootPart_Torso = Instance.new("Pose")
Left_Arm_k8_HumanoidRootPart_Torso.Name = "Left Arm"
Left_Arm_k8_HumanoidRootPart_Torso.CFrame = cf(-0.137358, 0.279148, -0.059399, -0.991270, 0.066907, -0.113607, -0.089286, -0.974671, 0.205049, -0.097011, 0.213403, 0.972136)
Left_Arm_k8_HumanoidRootPart_Torso.Parent = Torso_k8_HumanoidRootPart_Torso

-- Right Arm
 Right_Arm_k8_HumanoidRootPart_Torso = Instance.new("Pose")
Right_Arm_k8_HumanoidRootPart_Torso.Name = "Right Arm"
Right_Arm_k8_HumanoidRootPart_Torso.CFrame = cf(0.335748, 0.220989, -0.021945, -0.996767, 0.019872, -0.077855, -0.028088, -0.993980, 0.105899, -0.075282, 0.107743, 0.991324)
Right_Arm_k8_HumanoidRootPart_Torso.Parent = Torso_k8_HumanoidRootPart_Torso

-- Head
 Head_k8_HumanoidRootPart_Torso_Head = Instance.new("Pose")
Head_k8_HumanoidRootPart_Torso_Head.Name = "Head"
Head_k8_HumanoidRootPart_Torso_Head.CFrame = cf(0.000000, -0.000000, 0.016662, 0.936214, 0.346336, 0.059618, -0.347161, 0.937798, 0.003742, -0.054613, -0.024200, 0.998214)
Head_k8_HumanoidRootPart_Torso_Head.Parent = Torso_k8_HumanoidRootPart_Torso

-- Keyframe 9 (Time: 0.1425)
keyframe9 = Instance.new("Keyframe")
keyframe9.Time = 0.1425
keyframe9.Parent = KeyframeSequence

-- HumanoidRootPart
 HumanoidRootPart_k9_HumanoidRootPart = Instance.new("Pose")
HumanoidRootPart_k9_HumanoidRootPart.Name = "HumanoidRootPart"
HumanoidRootPart_k9_HumanoidRootPart.CFrame = cf(0.000000, 0.000000, 0.000000, 1.000000, 0.000000, 0.000000, 0.000000, 1.000000, 0.000000, 0.000000, 0.000000, 1.000000)
HumanoidRootPart_k9_HumanoidRootPart.Parent = keyframe9

-- Torso
 Torso_k9_HumanoidRootPart_Torso = Instance.new("Pose")
Torso_k9_HumanoidRootPart_Torso.Name = "Torso"
Torso_k9_HumanoidRootPart_Torso.CFrame = cf(0.016453, 0.021834, -0.149120, 0.964059, -0.265680, -0.002003, 0.265675, 0.963912, 0.017062, -0.002602, -0.016981, 0.999852)
Torso_k9_HumanoidRootPart_Torso.Parent = HumanoidRootPart_k9_HumanoidRootPart

-- Left Leg
 Left_Leg_k9_HumanoidRootPart_Torso = Instance.new("Pose")
Left_Leg_k9_HumanoidRootPart_Torso.Name = "Left Leg"
Left_Leg_k9_HumanoidRootPart_Torso.CFrame = cf(-0.285536, 0.209513, 0.199276, 0.993669, -0.001319, 0.112341, -0.026881, 0.968097, 0.249131, -0.109085, -0.250574, 0.961932)
Left_Leg_k9_HumanoidRootPart_Torso.Parent = Torso_k9_HumanoidRootPart_Torso

-- Right Leg
 Right_Leg_k9_HumanoidRootPart_Torso = Instance.new("Pose")
Right_Leg_k9_HumanoidRootPart_Torso.Name = "Right Leg"
Right_Leg_k9_HumanoidRootPart_Torso.CFrame = cf(0.368848, 0.178774, 0.137541, 0.874722, 0.233473, -0.424678, -0.154437, 0.964908, 0.212373, 0.459359, -0.120181, 0.880083)
Right_Leg_k9_HumanoidRootPart_Torso.Parent = Torso_k9_HumanoidRootPart_Torso

-- Left Arm
 Left_Arm_k9_HumanoidRootPart_Torso = Instance.new("Pose")
Left_Arm_k9_HumanoidRootPart_Torso.Name = "Left Arm"
Left_Arm_k9_HumanoidRootPart_Torso.CFrame = cf(-0.136134, 0.198627, -0.058065, -0.988642, 0.080211, -0.127098, -0.104094, -0.975441, 0.194110, -0.108407, 0.205135, 0.972711)
Left_Arm_k9_HumanoidRootPart_Torso.Parent = Torso_k9_HumanoidRootPart_Torso

-- Right Arm
 Right_Arm_k9_HumanoidRootPart_Torso = Instance.new("Pose")
Right_Arm_k9_HumanoidRootPart_Torso.Name = "Right Arm"
Right_Arm_k9_HumanoidRootPart_Torso.CFrame = cf(0.334913, 0.140445, -0.023991, -0.996075, 0.014280, -0.087351, -0.022427, -0.995412, 0.093012, -0.085622, 0.094606, 0.991826)
Right_Arm_k9_HumanoidRootPart_Torso.Parent = Torso_k9_HumanoidRootPart_Torso

-- Head
 Head_k9_HumanoidRootPart_Torso_Head = Instance.new("Pose")
Head_k9_HumanoidRootPart_Torso_Head.Name = "Head"
Head_k9_HumanoidRootPart_Torso_Head.CFrame = cf(0.000000, -0.000000, 0.016662, 0.931266, 0.359877, 0.056853, -0.360601, 0.932716, 0.002692, -0.052059, -0.023009, 0.998379)
Head_k9_HumanoidRootPart_Torso_Head.Parent = Torso_k9_HumanoidRootPart_Torso

-- Keyframe 10 (Time: 0.1585)
keyframe10 = Instance.new("Keyframe")
keyframe10.Time = 0.1585
keyframe10.Parent = KeyframeSequence

-- HumanoidRootPart
 HumanoidRootPart_k10_HumanoidRootPart = Instance.new("Pose")
HumanoidRootPart_k10_HumanoidRootPart.Name = "HumanoidRootPart"
HumanoidRootPart_k10_HumanoidRootPart.CFrame = cf(0.000000, 0.000000, 0.000000, 1.000000, 0.000000, 0.000000, 0.000000, 1.000000, 0.000000, 0.000000, 0.000000, 1.000000)
HumanoidRootPart_k10_HumanoidRootPart.Parent = keyframe10

-- Torso
 Torso_k10_HumanoidRootPart_Torso = Instance.new("Pose")
Torso_k10_HumanoidRootPart_Torso.Name = "Torso"
Torso_k10_HumanoidRootPart_Torso.CFrame = cf(0.019317, 0.021403, -0.142537, 0.961504, -0.274777, -0.002698, 0.274785, 0.961375, 0.015834, -0.001757, -0.015965, 0.999871)
Torso_k10_HumanoidRootPart_Torso.Parent = HumanoidRootPart_k10_HumanoidRootPart

-- Left Leg
 Left_Leg_k10_HumanoidRootPart_Torso = Instance.new("Pose")
Left_Leg_k10_HumanoidRootPart_Torso.Name = "Left Leg"
Left_Leg_k10_HumanoidRootPart_Torso.CFrame = cf(-0.267850, 0.201276, 0.197456, 0.994350, 0.016580, 0.104845, -0.041922, 0.968770, 0.244391, -0.097519, -0.247406, 0.963992)
Left_Leg_k10_HumanoidRootPart_Torso.Parent = Torso_k10_HumanoidRootPart_Torso

-- Right Leg
 Right_Leg_k10_HumanoidRootPart_Torso = Instance.new("Pose")
Right_Leg_k10_HumanoidRootPart_Torso.Name = "Right Leg"
Right_Leg_k10_HumanoidRootPart_Torso.CFrame = cf(0.348816, 0.176132, 0.132986, 0.871680, 0.229250, -0.433150, -0.146450, 0.965307, 0.216183, 0.467683, -0.125007, 0.875012)
Right_Leg_k10_HumanoidRootPart_Torso.Parent = Torso_k10_HumanoidRootPart_Torso

-- Left Arm
 Left_Arm_k10_HumanoidRootPart_Torso = Instance.new("Pose")
Left_Arm_k10_HumanoidRootPart_Torso.Name = "Left Arm"
Left_Arm_k10_HumanoidRootPart_Torso.CFrame = cf(-0.135135, 0.132623, -0.056984, -0.986000, 0.091704, -0.139266, -0.116760, -0.975966, 0.184002, -0.119045, 0.197686, 0.973010)
Left_Arm_k10_HumanoidRootPart_Torso.Parent = Torso_k10_HumanoidRootPart_Torso

-- Right Arm
 Right_Arm_k10_HumanoidRootPart_Torso = Instance.new("Pose")
Right_Arm_k10_HumanoidRootPart_Torso.Name = "Right Arm"
Right_Arm_k10_HumanoidRootPart_Torso.CFrame = cf(0.334279, 0.074416, -0.025719, -0.995514, 0.010559, -0.094025, -0.018244, -0.996526, 0.081256, -0.092840, 0.082607, 0.992248)
Right_Arm_k10_HumanoidRootPart_Torso.Parent = Torso_k10_HumanoidRootPart_Torso

-- Head
 Head_k10_HumanoidRootPart_Torso_Head = Instance.new("Pose")
Head_k10_HumanoidRootPart_Torso_Head.Name = "Head"
Head_k10_HumanoidRootPart_Torso_Head.CFrame = cf(0.000000, 0.000000, 0.016662, 0.927469, 0.369652, 0.056197, -0.370370, 0.928881, 0.002567, -0.051252, -0.023194, 0.998416)
Head_k10_HumanoidRootPart_Torso_Head.Parent = Torso_k10_HumanoidRootPart_Torso

-- Keyframe 11 (Time: 0.1695)
keyframe11 = Instance.new("Keyframe")
keyframe11.Time = 0.1695
keyframe11.Parent = KeyframeSequence

-- HumanoidRootPart
 HumanoidRootPart_k11_HumanoidRootPart = Instance.new("Pose")
HumanoidRootPart_k11_HumanoidRootPart.Name = "HumanoidRootPart"
HumanoidRootPart_k11_HumanoidRootPart.CFrame = cf(0.000000, 0.000000, 0.000000, 1.000000, 0.000000, 0.000000, 0.000000, 1.000000, 0.000000, 0.000000, 0.000000, 1.000000)
HumanoidRootPart_k11_HumanoidRootPart.Parent = keyframe11

-- Torso
 Torso_k11_HumanoidRootPart_Torso = Instance.new("Pose")
Torso_k11_HumanoidRootPart_Torso.Name = "Torso"
Torso_k11_HumanoidRootPart_Torso.CFrame = cf(0.021803, 0.020995, -0.137837, 0.959588, -0.281390, -0.003176, 0.281405, 0.959475, 0.014826, -0.001125, -0.015121, 0.999885)
Torso_k11_HumanoidRootPart_Torso.Parent = HumanoidRootPart_k11_HumanoidRootPart

-- Left Leg
 Left_Leg_k11_HumanoidRootPart_Torso = Instance.new("Pose")
Left_Leg_k11_HumanoidRootPart_Torso.Name = "Left Leg"
Left_Leg_k11_HumanoidRootPart_Torso.CFrame = cf(-0.254619, 0.195168, 0.196295, 0.994597, 0.029790, 0.099445, -0.053110, 0.969103, 0.240870, -0.089197, -0.244850, 0.965449)
Left_Leg_k11_HumanoidRootPart_Torso.Parent = Torso_k11_HumanoidRootPart_Torso

-- Right Leg
 Right_Leg_k11_HumanoidRootPart_Torso = Instance.new("Pose")
Right_Leg_k11_HumanoidRootPart_Torso.Name = "Right Leg"
Right_Leg_k11_HumanoidRootPart_Torso.CFrame = cf(0.333975, 0.174307, 0.129312, 0.869450, 0.226000, -0.439295, -0.140310, 0.965573, 0.219049, 0.473677, -0.128815, 0.871227)
Right_Leg_k11_HumanoidRootPart_Torso.Parent = Torso_k11_HumanoidRootPart_Torso

-- Left Arm
 Left_Arm_k11_HumanoidRootPart_Torso = Instance.new("Pose")
Left_Arm_k11_HumanoidRootPart_Torso.Name = "Left Arm"
Left_Arm_k11_HumanoidRootPart_Torso.CFrame = cf(-0.134387, 0.083821, -0.056200, -0.983665, 0.100808, -0.149137, -0.126671, -0.976283, 0.175574, -0.127900, 0.191597, 0.973104)
Left_Arm_k11_HumanoidRootPart_Torso.Parent = Torso_k11_HumanoidRootPart_Torso

-- Right Arm
 Right_Arm_k11_HumanoidRootPart_Torso = Instance.new("Pose")
Right_Arm_k11_HumanoidRootPart_Torso.Name = "Right Arm"
Right_Arm_k11_HumanoidRootPart_Torso.CFrame = cf(0.333843, 0.025604, -0.027040, -0.995111, 0.008299, -0.098415, -0.015392, -0.997319, 0.071534, -0.097557, 0.072699, 0.992571)
Right_Arm_k11_HumanoidRootPart_Torso.Parent = Torso_k11_HumanoidRootPart_Torso

-- Head
 Head_k11_HumanoidRootPart_Torso_Head = Instance.new("Pose")
Head_k11_HumanoidRootPart_Torso_Head.Name = "Head"
Head_k11_HumanoidRootPart_Torso_Head.CFrame = cf(0.000000, 0.000000, 0.016662, 0.924745, 0.376359, 0.056563, -0.377111, 0.926164, 0.002842, -0.051317, -0.023959, 0.998395)
Head_k11_HumanoidRootPart_Torso_Head.Parent = Torso_k11_HumanoidRootPart_Torso

-- Keyframe 12 (Time: 0.1874)
keyframe12 = Instance.new("Keyframe")
keyframe12.Time = 0.1874
keyframe12.Parent = KeyframeSequence

-- HumanoidRootPart
 HumanoidRootPart_k12_HumanoidRootPart = Instance.new("Pose")
HumanoidRootPart_k12_HumanoidRootPart.Name = "HumanoidRootPart"
HumanoidRootPart_k12_HumanoidRootPart.CFrame = cf(0.000000, 0.000000, 0.000000, 1.000000, 0.000000, 0.000000, 0.000000, 1.000000, 0.000000, 0.000000, 0.000000, 1.000000)
HumanoidRootPart_k12_HumanoidRootPart.Parent = keyframe12

-- Torso
 Torso_k12_HumanoidRootPart_Torso = Instance.new("Pose")
Torso_k12_HumanoidRootPart_Torso.Name = "Torso"
Torso_k12_HumanoidRootPart_Torso.CFrame = cf(0.025653, 0.020310, -0.131978, 0.957084, -0.289789, -0.003664, 0.289812, 0.956990, 0.013397, -0.000376, -0.013884, 0.999904)
Torso_k12_HumanoidRootPart_Torso.Parent = HumanoidRootPart_k12_HumanoidRootPart

-- Left Leg
 Left_Leg_k12_HumanoidRootPart_Torso = Instance.new("Pose")
Left_Leg_k12_HumanoidRootPart_Torso.Name = "Left Leg"
Left_Leg_k12_HumanoidRootPart_Torso.CFrame = cf(-0.237421, 0.187272, 0.195035, 0.994593, 0.046791, 0.092714, -0.067622, 0.969346, 0.236213, -0.078819, -0.241205, 0.967268)
Left_Leg_k12_HumanoidRootPart_Torso.Parent = Torso_k12_HumanoidRootPart_Torso

-- Right Leg
 Right_Leg_k12_HumanoidRootPart_Torso = Instance.new("Pose")
Right_Leg_k12_HumanoidRootPart_Torso.Name = "Right Leg"
Right_Leg_k12_HumanoidRootPart_Torso.CFrame = cf(0.314491, 0.172093, 0.124033, 0.866621, 0.221506, -0.447105, -0.131901, 0.965886, 0.222858, 0.481217, -0.134160, 0.866274)
Right_Leg_k12_HumanoidRootPart_Torso.Parent = Torso_k12_HumanoidRootPart_Torso

-- Left Arm
 Left_Arm_k12_HumanoidRootPart_Torso = Instance.new("Pose")
Left_Arm_k12_HumanoidRootPart_Torso.Name = "Left Arm"
Left_Arm_k12_HumanoidRootPart_Torso.CFrame = cf(-0.133434, 0.021960, -0.055224, -0.979989, 0.113629, -0.163429, -0.140419, -0.976581, 0.163009, -0.141079, 0.182696, 0.972995)
Left_Arm_k12_HumanoidRootPart_Torso.Parent = Torso_k12_HumanoidRootPart_Torso

-- Right Arm
 Right_Arm_k12_HumanoidRootPart_Torso = Instance.new("Pose")
Right_Arm_k12_HumanoidRootPart_Torso.Name = "Right Arm"
Right_Arm_k12_HumanoidRootPart_Torso.CFrame = cf(0.333345, -0.036262, -0.028789, -0.994643, 0.006034, -0.103192, -0.011986, -0.998293, 0.057161, -0.102671, 0.058092, 0.993017)
Right_Arm_k12_HumanoidRootPart_Torso.Parent = Torso_k12_HumanoidRootPart_Torso

-- Head
 Head_k12_HumanoidRootPart_Torso_Head = Instance.new("Pose")
Head_k12_HumanoidRootPart_Torso_Head.Name = "Head"
Head_k12_HumanoidRootPart_Torso_Head.CFrame = cf(0.000000, 0.000000, 0.016661, 0.921253, 0.384627, 0.057916, -0.385457, 0.922719, 0.003462, -0.052108, -0.025514, 0.998315)
Head_k12_HumanoidRootPart_Torso_Head.Parent = Torso_k12_HumanoidRootPart_Torso

-- Keyframe 13 (Time: 0.2074)
keyframe13 = Instance.new("Keyframe")
keyframe13.Time = 0.2074
keyframe13.Parent = KeyframeSequence

-- HumanoidRootPart
 HumanoidRootPart_k13_HumanoidRootPart = Instance.new("Pose")
HumanoidRootPart_k13_HumanoidRootPart.Name = "HumanoidRootPart"
HumanoidRootPart_k13_HumanoidRootPart.CFrame = cf(0.000000, 0.000000, 0.000000, 1.000000, 0.000000, 0.000000, 0.000000, 1.000000, 0.000000, 0.000000, 0.000000, 1.000000)
HumanoidRootPart_k13_HumanoidRootPart.Parent = keyframe13

-- Torso
 Torso_k13_HumanoidRootPart_Torso = Instance.new("Pose")
Torso_k13_HumanoidRootPart_Torso.Name = "Torso"
Torso_k13_HumanoidRootPart_Torso.CFrame = cf(0.030130, 0.019467, -0.126662, 0.954673, -0.297632, -0.003896, 0.297658, 0.954599, 0.011827, 0.000200, -0.012451, 0.999922)
Torso_k13_HumanoidRootPart_Torso.Parent = HumanoidRootPart_k13_HumanoidRootPart

-- Left Leg
 Left_Leg_k13_HumanoidRootPart_Torso = Instance.new("Pose")
Left_Leg_k13_HumanoidRootPart_Torso.Name = "Left Leg"
Left_Leg_k13_HumanoidRootPart_Torso.CFrame = cf(-0.221099, 0.179785, 0.194101, 0.994267, 0.062888, 0.086471, -0.081458, 0.969391, 0.231614, -0.069259, -0.237330, 0.968957)
Left_Leg_k13_HumanoidRootPart_Torso.Parent = Torso_k13_HumanoidRootPart_Torso

-- Right Leg
 Right_Leg_k13_HumanoidRootPart_Torso = Instance.new("Pose")
Right_Leg_k13_HumanoidRootPart_Torso.Name = "Right Leg"
Right_Leg_k13_HumanoidRootPart_Torso.CFrame = cf(0.295623, 0.170124, 0.118447, 0.863909, 0.216946, -0.454528, -0.123383, 0.966136, 0.226624, 0.488300, -0.139702, 0.861421)
Right_Leg_k13_HumanoidRootPart_Torso.Parent = Torso_k13_HumanoidRootPart_Torso

-- Left Arm
 Left_Arm_k13_HumanoidRootPart_Torso = Instance.new("Pose")
Left_Arm_k13_HumanoidRootPart_Torso.Name = "Left Arm"
Left_Arm_k13_HumanoidRootPart_Torso.CFrame = cf(-0.132554, -0.033722, -0.054389, -0.975584, 0.127250, -0.179006, -0.154710, -0.976679, 0.148875, -0.155887, 0.172934, 0.972519)
Left_Arm_k13_HumanoidRootPart_Torso.Parent = Torso_k13_HumanoidRootPart_Torso

-- Right Arm
 Right_Arm_k13_HumanoidRootPart_Torso = Instance.new("Pose")
Right_Arm_k13_HumanoidRootPart_Torso.Name = "Right Arm"
Right_Arm_k13_HumanoidRootPart_Torso.CFrame = cf(0.332975, -0.091950, -0.030476, -0.994279, 0.004702, -0.106707, -0.009150, -0.999108, 0.041233, -0.106417, 0.041974, 0.993435)
Right_Arm_k13_HumanoidRootPart_Torso.Parent = Torso_k13_HumanoidRootPart_Torso

-- Head
 Head_k13_HumanoidRootPart_Torso_Head = Instance.new("Pose")
Head_k13_HumanoidRootPart_Torso_Head.Name = "Head"
Head_k13_HumanoidRootPart_Torso_Head.CFrame = cf(0.000000, 0.000000, 0.016662, 0.917911, 0.392276, 0.059658, -0.393195, 0.919446, 0.004032, -0.053271, -0.027158, 0.998211)
Head_k13_HumanoidRootPart_Torso_Head.Parent = Torso_k13_HumanoidRootPart_Torso

-- Keyframe 14 (Time: 0.2254)
keyframe14 = Instance.new("Keyframe")
keyframe14.Time = 0.2254
keyframe14.Parent = KeyframeSequence

-- HumanoidRootPart
 HumanoidRootPart_k14_HumanoidRootPart = Instance.new("Pose")
HumanoidRootPart_k14_HumanoidRootPart.Name = "HumanoidRootPart"
HumanoidRootPart_k14_HumanoidRootPart.CFrame = cf(0.000000, 0.000000, 0.000000, 1.000000, 0.000000, 0.000000, 0.000000, 1.000000, 0.000000, 0.000000, 0.000000, 1.000000)
HumanoidRootPart_k14_HumanoidRootPart.Parent = keyframe14

-- Torso
 Torso_k14_HumanoidRootPart_Torso = Instance.new("Pose")
Torso_k14_HumanoidRootPart_Torso.Name = "Torso"
Torso_k14_HumanoidRootPart_Torso.CFrame = cf(0.036693, 0.018177, -0.120926, 0.951875, -0.306461, -0.003925, 0.306485, 0.951826, 0.009694, 0.000765, -0.010430, 0.999945)
Torso_k14_HumanoidRootPart_Torso.Parent = HumanoidRootPart_k14_HumanoidRootPart

-- Left Leg
 Left_Leg_k14_HumanoidRootPart_Torso = Instance.new("Pose")
Left_Leg_k14_HumanoidRootPart_Torso.Name = "Left Leg"
Left_Leg_k14_HumanoidRootPart_Torso.CFrame = cf(-0.203342, 0.171439, 0.193352, 0.993534, 0.080861, 0.079699, -0.097018, 0.969280, 0.226018, -0.058974, -0.232289, 0.970857)
Left_Leg_k14_HumanoidRootPart_Torso.Parent = Torso_k14_HumanoidRootPart_Torso

-- Right Leg
 Right_Leg_k14_HumanoidRootPart_Torso = Instance.new("Pose")
Right_Leg_k14_HumanoidRootPart_Torso.Name = "Right Leg"
Right_Leg_k14_HumanoidRootPart_Torso.CFrame = cf(0.273559, 0.168180, 0.111331, 0.860857, 0.211280, -0.462910, -0.112834, 0.966336, 0.231220, 0.496179, -0.146816, 0.855717)
Right_Leg_k14_HumanoidRootPart_Torso.Parent = Torso_k14_HumanoidRootPart_Torso

-- Left Arm
 Left_Arm_k14_HumanoidRootPart_Torso = Instance.new("Pose")
Left_Arm_k14_HumanoidRootPart_Torso.Name = "Left Arm"
Left_Arm_k14_HumanoidRootPart_Torso.CFrame = cf(-0.131587, -0.090151, -0.053628, -0.968848, 0.145529, -0.200385, -0.173309, -0.976405, 0.128828, -0.176908, 0.159544, 0.971210)
Left_Arm_k14_HumanoidRootPart_Torso.Parent = Torso_k14_HumanoidRootPart_Torso

-- Right Arm
 Right_Arm_k14_HumanoidRootPart_Torso = Instance.new("Pose")
Right_Arm_k14_HumanoidRootPart_Torso.Name = "Right Arm"
Right_Arm_k14_HumanoidRootPart_Torso.CFrame = cf(0.332757, -0.148396, -0.032426, -0.994031, 0.004594, -0.108998, -0.006680, -0.999801, 0.018783, -0.108890, 0.019399, 0.993864)
Right_Arm_k14_HumanoidRootPart_Torso.Parent = Torso_k14_HumanoidRootPart_Torso

-- Head
 Head_k14_HumanoidRootPart_Torso_Head = Instance.new("Pose")
Head_k14_HumanoidRootPart_Torso_Head.Name = "Head"
Head_k14_HumanoidRootPart_Torso_Head.CFrame = cf(0.000000, -0.000000, 0.016662, 0.914023, 0.400868, 0.062188, -0.401915, 0.915664, 0.004809, -0.055016, -0.029390, 0.998053)
Head_k14_HumanoidRootPart_Torso_Head.Parent = Torso_k14_HumanoidRootPart_Torso

-- Keyframe 15 (Time: 0.2478)
keyframe15 = Instance.new("Keyframe")
keyframe15.Time = 0.2478
keyframe15.Parent = KeyframeSequence

-- HumanoidRootPart
 HumanoidRootPart_k15_HumanoidRootPart = Instance.new("Pose")
HumanoidRootPart_k15_HumanoidRootPart.Name = "HumanoidRootPart"
HumanoidRootPart_k15_HumanoidRootPart.CFrame = cf(0.000000, 0.000000, 0.000000, 1.000000, 0.000000, 0.000000, 0.000000, 1.000000, 0.000000, 0.000000, 0.000000, 1.000000)
HumanoidRootPart_k15_HumanoidRootPart.Parent = keyframe15

-- Torso
 Torso_k15_HumanoidRootPart_Torso = Instance.new("Pose")
Torso_k15_HumanoidRootPart_Torso.Name = "Torso"
Torso_k15_HumanoidRootPart_Torso.CFrame = cf(0.046663, 0.016795, -0.116288, 0.949369, -0.314162, -0.000789, 0.314159, 0.949340, 0.007611, -0.001642, -0.007473, 0.999971)
Torso_k15_HumanoidRootPart_Torso.Parent = HumanoidRootPart_k15_HumanoidRootPart

-- Left Leg
 Left_Leg_k15_HumanoidRootPart_Torso = Instance.new("Pose")
Left_Leg_k15_HumanoidRootPart_Torso.Name = "Left Leg"
Left_Leg_k15_HumanoidRootPart_Torso.CFrame = cf(-0.197869, 0.168923, 0.192476, 0.992985, 0.092034, 0.074236, -0.106516, 0.968832, 0.223650, -0.051339, -0.229988, 0.971838)
Left_Leg_k15_HumanoidRootPart_Torso.Parent = Torso_k15_HumanoidRootPart_Torso

-- Right Leg
 Right_Leg_k15_HumanoidRootPart_Torso = Instance.new("Pose")
