-- KeyframeSequence Export: rbxassetid://106600960504898
-- Generated on 2026-04-26 09:50:28

 KeyframeSequence = Instance.new("KeyframeSequence")
KeyframeSequence.Name = "CapturedAnim"
 cf = CFrame.new

-- Keyframe 1 (Time: 0.019011532887816429)
 keyframe1 = Instance.new("Keyframe")
keyframe1.Time = 0.019011532887816429
keyframe1.Parent = KeyframeSequence

 Root_k1 = Instance.new("Pose")
Root_k1.Name = "HumanoidRootPart"
Root_k1.CFrame = cf(0,0,0, 1,0,0, 0,1,0, 0,0,1)
Root_k1.Parent = keyframe1

 Left_Leg_k1 = Instance.new("Pose")
Left_Leg_k1.Name = "Left Leg"
Left_Leg_k1.CFrame = cf(-0.500000, 0.012323, -1.000000, -1.000000, 0.000000, 0.000000, 0.000000, 1.000000, 0.000000, 0.000000, 0.000000, -1.000000)
Left_Leg_k1.Parent = Root_k1

 Right_Arm_k1 = Instance.new("Pose")
Right_Arm_k1.Name = "Right Arm"
Right_Arm_k1.CFrame = cf(-0.504799, -0.986472, -1.007756, -0.999901, 0.009695, 0.010195, 0.009749, 0.999939, 0.005270, -0.010143, 0.005369, -0.999934)
Right_Arm_k1.Parent = Root_k1

 Left_Arm_k1 = Instance.new("Pose")
Left_Arm_k1.Name = "Left Arm"
Left_Arm_k1.CFrame = cf(0.502598, -0.981471, -1.004350, -0.999976, -0.005222, -0.004607, -0.005240, 0.999978, 0.004091, 0.004585, 0.004115, -0.999981)
Left_Arm_k1.Parent = Root_k1

 Torso_k1 = Instance.new("Pose")
Torso_k1.Name = "Torso"
Torso_k1.CFrame = cf(0.000000, -0.013305, 0.000000, 1.000000, 0.000000, 0.000000, 0.000000, 1.000000, 0.000000, 0.000000, 0.000000, 1.000000)
Torso_k1.Parent = Root_k1

 Right_Leg_k1 = Instance.new("Pose")
Right_Leg_k1.Name = "Right Leg"
Right_Leg_k1.CFrame = cf(0.500000, 0.009935, -1.000000, -1.000000, 0.000000, 0.000000, 0.000000, 1.000000, 0.000000, 0.000000, 0.000000, -1.000000)
Right_Leg_k1.Parent = Root_k1

 Head_k1 = Instance.new("Pose")
Head_k1.Name = "Head"
Head_k1.CFrame = cf(0.000000, 0.499989, -0.996619, 0.999999, 0.000000, -0.001559, -0.000011, 0.999977, -0.006762, 0.001559, 0.006762, 0.999976)
Head_k1.Parent = Root_k1

-- Keyframe 2 (Time: 0.041024886071681976)
 keyframe2 = Instance.new("Keyframe")
keyframe2.Time = 0.041024886071681976
keyframe2.Parent = KeyframeSequence

 Root_k2 = Instance.new("Pose")
Root_k2.Name = "HumanoidRootPart"
Root_k2.CFrame = cf(0,0,0, 1,0,0, 0,1,0, 0,0,1)
Root_k2.Parent = keyframe2

 Left_Leg_k2 = Instance.new("Pose")
Left_Leg_k2.Name = "Left Leg"
Left_Leg_k2.CFrame = cf(-0.489306, 0.033554, -0.864231, -0.995532, 0.013681, -0.093426, -0.001996, 0.986178, 0.165679, 0.094402, 0.165125, -0.981744)
Left_Leg_k2.Parent = Root_k2

 Right_Arm_k2 = Instance.new("Pose")
Right_Arm_k2.Name = "Right Arm"
Right_Arm_k2.CFrame = cf(0.186317, -0.995277, -0.045262, -0.456937, -0.447995, 0.768446, -0.871453, 0.398603, -0.285807, -0.178264, -0.800260, -0.572543)
Right_Arm_k2.Parent = Root_k2

 Left_Arm_k2 = Instance.new("Pose")
Left_Arm_k2.Name = "Left Arm"
Left_Arm_k2.CFrame = cf(-0.286152, 0.670851, -0.058666, -0.915192, 0.392841, 0.090003, -0.392841, -0.819677, -0.416901, -0.090003, -0.416901, 0.904485)
Left_Arm_k2.Parent = Root_k2

 Torso_k2 = Instance.new("Pose")
Torso_k2.Name = "Torso"
Torso_k2.CFrame = cf(0.006174, -0.051441, 0.014768, 0.999995, 0.002050, -0.002435, -0.002093, 0.999837, -0.017951, 0.002398, 0.017956, 0.999836)
Torso_k2.Parent = Root_k2

 Right_Leg_k2 = Instance.new("Pose")
Right_Leg_k2.Name = "Right Leg"
Right_Leg_k2.CFrame = cf(0.489809, 0.035186, -0.859625, -0.995969, -0.013391, 0.088695, 0.001706, 0.985788, 0.167987, -0.089684, 0.167461, -0.981791)
Right_Leg_k2.Parent = Root_k2

 Head_k2 = Instance.new("Pose")
Head_k2.Name = "Head"
Head_k2.CFrame = cf(-0.000645, 0.516614, -1.006902, 0.999928, -0.001291, 0.011903, 0.001126, 0.999904, 0.013817, -0.011920, -0.013803, 0.999834)
Head_k2.Parent = Root_k2

-- Keyframe 3 (Time: 0.073266300372779369)
 keyframe3 = Instance.new("Keyframe")
keyframe3.Time = 0.073266300372779369
keyframe3.Parent = KeyframeSequence

 Root_k3 = Instance.new("Pose")
Root_k3.Name = "HumanoidRootPart"
Root_k3.CFrame = cf(0,0,0, 1,0,0, 0,1,0, 0,0,1)
Root_k3.Parent = keyframe3

 Left_Leg_k3 = Instance.new("Pose")
Left_Leg_k3.Name = "Left Leg"
Left_Leg_k3.CFrame = cf(-0.492310, 0.031697, -0.861751, -0.996719, 0.011679, -0.080088, -0.000520, 0.988591, 0.150626, 0.080933, 0.150173, -0.985341)
Left_Leg_k3.Parent = Root_k3

 Right_Arm_k3 = Instance.new("Pose")
Right_Arm_k3.Name = "Right Arm"
Right_Arm_k3.CFrame = cf(0.161036, -1.015019, -0.076685, -0.462018, -0.452609, 0.762683, -0.863423, 0.425995, -0.270240, -0.202586, -0.783373, -0.587610)
Right_Arm_k3.Parent = Root_k3

 Left_Arm_k3 = Instance.new("Pose")
Left_Arm_k3.Name = "Left Arm"
Left_Arm_k3.CFrame = cf(-0.151836, 0.725571, -0.138384, -0.904219, 0.326443, 0.275361, -0.414215, -0.827362, -0.379338, 0.103991, -0.457063, 0.883334)
Left_Arm_k3.Parent = Root_k3

 Torso_k3 = Instance.new("Pose")
Torso_k3.Name = "Torso"
Torso_k3.CFrame = cf(0.005709, -0.047349, 0.011026, 0.999936, 0.002308, 0.011109, -0.002159, 0.999907, -0.013434, -0.011139, 0.013410, 0.999848)
Torso_k3.Parent = Root_k3

 Right_Leg_k3 = Instance.new("Pose")
Right_Leg_k3.Name = "Right Leg"
Right_Leg_k3.CFrame = cf(0.487923, 0.032430, -0.864262, -0.994663, -0.014293, 0.102185, 0.002285, 0.987065, 0.160304, -0.103155, 0.159682, -0.981764)
Right_Leg_k3.Parent = Root_k3

 Head_k3 = Instance.new("Pose")
Head_k3.Name = "Head"
Head_k3.CFrame = cf(0.000398, 0.516652, -1.003156, 0.999996, 0.000797, -0.002814, -0.000779, 0.999980, 0.006313, 0.002819, -0.006311, 0.999976)
Head_k3.Parent = Root_k3

-- Keyframe 4 (Time: 0.1015734039247036)
 keyframe4 = Instance.new("Keyframe")
keyframe4.Time = 0.1015734039247036
keyframe4.Parent = KeyframeSequence

 Root_k4 = Instance.new("Pose")
Root_k4.Name = "HumanoidRootPart"
Root_k4.CFrame = cf(0,0,0, 1,0,0, 0,1,0, 0,0,1)
Root_k4.Parent = keyframe4

 Left_Leg_k4 = Instance.new("Pose")
Left_Leg_k4.Name = "Left Leg"
Left_Leg_k4.CFrame = cf(-0.494167, 0.030643, -0.860242, -0.997344, 0.010575, -0.072063, 0.000267, 0.989929, 0.141567, 0.072834, 0.141172, -0.987302)
Left_Leg_k4.Parent = Root_k4

 Right_Arm_k4 = Instance.new("Pose")
Right_Arm_k4.Name = "Right Arm"
Right_Arm_k4.CFrame = cf(0.145770, -1.026543, -0.095684, -0.465142, -0.455257, 0.759199, -0.858220, 0.442172, -0.260659, -0.217030, -0.772803, -0.596384)
Right_Arm_k4.Parent = Root_k4

 Left_Arm_k4 = Instance.new("Pose")
Left_Arm_k4.Name = "Left Arm"
Left_Arm_k4.CFrame = cf(-0.078832, 0.757244, -0.188474, -0.879303, 0.283442, 0.382736, -0.423318, -0.833377, -0.355365, 0.218238, -0.474493, 0.852777)
Left_Arm_k4.Parent = Root_k4

 Torso_k4 = Instance.new("Pose")
Torso_k4.Name = "Torso"
Torso_k4.CFrame = cf(0.005430, -0.044895, 0.008780, 0.999812, 0.002433, 0.019235, -0.002227, 0.999940, -0.010725, -0.019260, 0.010680, 0.999757)
Torso_k4.Parent = Root_k4

 Right_Leg_k4 = Instance.new("Pose")
Right_Leg_k4.Name = "Right Leg"
Right_Leg_k4.CFrame = cf(0.486697, 0.030830, -0.867037, -0.993791, -0.014783, 0.110274, 0.002582, 0.987803, 0.155686, -0.111230, 0.155004, -0.981632)
Right_Leg_k4.Parent = Root_k4

 Head_k4 = Instance.new("Pose")
Head_k4.Name = "Head"
Head_k4.CFrame = cf(0.000998, 0.516660, -1.000901, 0.999930, 0.001996, -0.011651, -0.001975, 0.999996, 0.001824, 0.011654, -0.001801, 0.999930)
Head_k4.Parent = Root_k4

-- Keyframe 5 (Time: 0.13089147582650185)
 keyframe5 = Instance.new("Keyframe")
keyframe5.Time = 0.13089147582650185
keyframe5.Parent = KeyframeSequence

 Root_k5 = Instance.new("Pose")
Root_k5.Name = "HumanoidRootPart"
Root_k5.CFrame = cf(0,0,0, 1,0,0, 0,1,0, 0,0,1)
Root_k5.Parent = keyframe5

 Left_Leg_k5 = Instance.new("Pose")
Left_Leg_k5.Name = "Left Leg"
Left_Leg_k5.CFrame = cf(-0.497228, 0.025632, -0.867658, -0.997900, 0.010008, -0.064000, 0.002070, 0.992414, 0.122922, 0.064745, 0.122532, -0.990350)
Left_Leg_k5.Parent = Root_k5

 Right_Arm_k5 = Instance.new("Pose")
Right_Arm_k5.Name = "Right Arm"
Right_Arm_k5.CFrame = cf(0.068653, -1.080519, -0.116935, -0.476881, -0.410007, 0.777483, -0.840993, 0.470026, -0.267967, -0.255569, -0.781646, -0.568959)
Right_Arm_k5.Parent = Root_k5

 Left_Arm_k5 = Instance.new("Pose")
Left_Arm_k5.Name = "Left Arm"
Left_Arm_k5.CFrame = cf(0.041855, 0.743666, -0.283832, -0.812441, 0.200214, 0.547590, -0.422795, -0.849026, -0.316859, 0.401478, -0.488948, 0.774432)
Left_Arm_k5.Parent = Root_k5

 Torso_k5 = Instance.new("Pose")
Torso_k5.Name = "Torso"
Torso_k5.CFrame = cf(0.003964, -0.037844, 0.006546, 0.999621, 0.002763, 0.027392, -0.002545, 0.999965, -0.008020, -0.027413, 0.007947, 0.999593)
Torso_k5.Parent = Root_k5

 Right_Leg_k5 = Instance.new("Pose")
Right_Leg_k5.Name = "Right Leg"
Right_Leg_k5.CFrame = cf(0.485897, 0.025722, -0.877699, -0.992850, -0.013108, 0.118646, 0.003933, 0.989821, 0.142262, -0.119303, 0.141711, -0.982693)
Right_Leg_k5.Parent = Root_k5

 Head_k5 = Instance.new("Pose")
Head_k5.Name = "Head"
Head_k5.CFrame = cf(0.002037, 0.516653, -0.997873, 0.999740, 0.004074, -0.022439, -0.004169, 0.999983, -0.004162, 0.022422, 0.004254, 0.999740)
Head_k5.Parent = Root_k5

-- Keyframe 6 (Time: 0.15515470784157515)
 keyframe6 = Instance.new("Keyframe")
keyframe6.Time = 0.15515470784157515
keyframe6.Parent = KeyframeSequence

 Root_k6 = Instance.new("Pose")
Root_k6.Name = "HumanoidRootPart"
Root_k6.CFrame = cf(0,0,0, 1,0,0, 0,1,0, 0,0,1)
Root_k6.Parent = keyframe6

 Left_Leg_k6 = Instance.new("Pose")
Left_Leg_k6.Name = "Left Leg"
Left_Leg_k6.CFrame = cf(-0.502593, 0.017893, -0.879957, -0.998678, 0.009403, -0.050533, 0.004734, 0.995773, 0.091723, 0.051182, 0.091363, -0.994502)
Left_Leg_k6.Parent = Root_k6

 Right_Arm_k6 = Instance.new("Pose")
Right_Arm_k6.Name = "Right Arm"
Right_Arm_k6.CFrame = cf(-0.058634, -1.168115, -0.155265, -0.491720, -0.332347, 0.804833, -0.809849, 0.514156, -0.282470, -0.319932, -0.790689, -0.521971)
Right_Arm_k6.Parent = Root_k6

 Left_Arm_k6 = Instance.new("Pose")
Left_Arm_k6.Name = "Left Arm"
Left_Arm_k6.CFrame = cf(0.205847, 0.713540, -0.441931, -0.625887, 0.060690, 0.777549, -0.404088, -0.877949, -0.256744, 0.667067, -0.474891, 0.574021)
Left_Arm_k6.Parent = Root_k6

 Torso_k6 = Instance.new("Pose")
Torso_k6.Name = "Torso"
Torso_k6.CFrame = cf(0.001520, -0.026093, 0.002823, 0.999154, 0.003264, 0.040987, -0.003122, 0.999989, -0.003518, -0.040998, 0.003387, 0.999153)
Torso_k6.Parent = Root_k6

 Right_Leg_k6 = Instance.new("Pose")
Right_Leg_k6.Name = "Right Leg"
Right_Leg_k6.CFrame = cf(0.484235, 0.017736, -0.895434, -0.991128, -0.010065, 0.132528, 0.005938, 0.992779, 0.119809, -0.132777, 0.119533, -0.983912)
Right_Leg_k6.Parent = Root_k6

 Head_k6 = Instance.new("Pose")
Head_k6.Name = "Head"
Head_k6.CFrame = cf(0.003696, 0.516596, -0.992803, 0.999155, 0.007393, -0.040442, -0.007968, 0.999869, -0.014084, 0.040333, 0.014394, 0.999083)
Head_k6.Parent = Root_k6

-- Keyframe 7 (Time: 0.18181729223579168)
 keyframe7 = Instance.new("Keyframe")
keyframe7.Time = 0.18181729223579168
keyframe7.Parent = KeyframeSequence

 Root_k7 = Instance.new("Pose")
Root_k7.Name = "HumanoidRootPart"
Root_k7.CFrame = cf(0,0,0, 1,0,0, 0,1,0, 0,0,1)
Root_k7.Parent = keyframe7

 Left_Leg_k7 = Instance.new("Pose")
Left_Leg_k7.Name = "Left Leg"
Left_Leg_k7.CFrame = cf(-0.502593, 0.017893, -0.879957, -0.998678, 0.009403, -0.050533, 0.004734, 0.995773, 0.091723, 0.051182, 0.091363, -0.994502)
Left_Leg_k7.Parent = Root_k7

 Right_Arm_k7 = Instance.new("Pose")
Right_Arm_k7.Name = "Right Arm"
Right_Arm_k7.CFrame = cf(-0.058634, -1.168115, -0.155265, -0.491720, -0.332347, 0.804833, -0.809849, 0.514156, -0.282470, -0.319932, -0.790689, -0.521971)
Right_Arm_k7.Parent = Root_k7

 Left_Arm_k7 = Instance.new("Pose")
Left_Arm_k7.Name = "Left Arm"
Left_Arm_k7.CFrame = cf(0.205847, 0.713540, -0.441931, -0.625887, 0.060690, 0.777549, -0.404088, -0.877949, -0.256744, 0.667067, -0.474891, 0.574021)
Left_Arm_k7.Parent = Root_k7

 Torso_k7 = Instance.new("Pose")
Torso_k7.Name = "Torso"
Torso_k7.CFrame = cf(0.001520, -0.026093, 0.002823, 0.999154, 0.003264, 0.040987, -0.003122, 0.999989, -0.003518, -0.040998, 0.003387, 0.999153)
Torso_k7.Parent = Root_k7

 Right_Leg_k7 = Instance.new("Pose")
Right_Leg_k7.Name = "Right Leg"
Right_Leg_k7.CFrame = cf(0.484235, 0.017736, -0.895434, -0.991128, -0.010065, 0.132528, 0.005938, 0.992779, 0.119809, -0.132777, 0.119533, -0.983912)
Right_Leg_k7.Parent = Root_k7

 Head_k7 = Instance.new("Pose")
Head_k7.Name = "Head"
Head_k7.CFrame = cf(0.003696, 0.516596, -0.992803, 0.999155, 0.007393, -0.040442, -0.007968, 0.999869, -0.014084, 0.040333, 0.014394, 0.999083)
Head_k7.Parent = Root_k7

-- Keyframe 8 (Time: 0.20558261964470148)
 keyframe8 = Instance.new("Keyframe")
keyframe8.Time = 0.20558261964470148
keyframe8.Parent = KeyframeSequence

 Root_k8 = Instance.new("Pose")
Root_k8.Name = "HumanoidRootPart"
Root_k8.CFrame = cf(0,0,0, 1,0,0, 0,1,0, 0,0,1)
Root_k8.Parent = keyframe8

 Left_Leg_k8 = Instance.new("Pose")
Left_Leg_k8.Name = "Left Leg"
Left_Leg_k8.CFrame = cf(-0.508900, 0.003041, -0.948937, -0.997730, 0.009770, -0.066636, 0.007074, 0.999152, 0.040570, 0.066975, 0.040006, -0.996952)
Left_Leg_k8.Parent = Root_k8

 Right_Arm_k8 = Instance.new("Pose")
Right_Arm_k8.Name = "Right Arm"
Right_Arm_k8.CFrame = cf(-0.352050, -1.169939, -0.247002, -0.477018, -0.016824, 0.878732, -0.757290, 0.515295, -0.401227, -0.446056, -0.856848, -0.258546)
Right_Arm_k8.Parent = Root_k8

 Left_Arm_k8 = Instance.new("Pose")
Left_Arm_k8.Name = "Left Arm"
Left_Arm_k8.CFrame = cf(0.344076, 0.591730, -0.568936, -0.396522, -0.116706, 0.910577, -0.430116, -0.852665, -0.296583, 0.811031, -0.509256, 0.287903)
Left_Arm_k8.Parent = Root_k8

 Torso_k8 = Instance.new("Pose")
Torso_k8.Name = "Torso"
Torso_k8.CFrame = cf(-0.002959, -0.008854, 0.008602, 0.999672, 0.004134, 0.025279, -0.003871, 0.999938, -0.010462, -0.025320, 0.010360, 0.999626)
Torso_k8.Parent = Root_k8

 Right_Leg_k8 = Instance.new("Pose")
Right_Leg_k8.Name = "Right Leg"
Right_Leg_k8.CFrame = cf(0.487111, 0.005056, -0.942445, -0.993083, 0.000571, 0.117412, 0.009398, 0.997166, 0.074644, -0.117037, 0.075231, -0.990274)
Right_Leg_k8.Parent = Root_k8

 Head_k8 = Instance.new("Pose")
Head_k8.Name = "Head"
Head_k8.CFrame = cf(0.004537, 0.516615, -0.994852, 0.999389, 0.009074, -0.033747, -0.009416, 0.999906, -0.009984, 0.033653, 0.010296, 0.999381)
Head_k8.Parent = Root_k8

-- Keyframe 9 (Time: 0.23231861367821693)
 keyframe9 = Instance.new("Keyframe")
keyframe9.Time = 0.23231861367821693
keyframe9.Parent = KeyframeSequence

 Root_k9 = Instance.new("Pose")
Root_k9.Name = "HumanoidRootPart"
Root_k9.CFrame = cf(0,0,0, 1,0,0, 0,1,0, 0,0,1)
Root_k9.Parent = keyframe9

 Left_Leg_k9 = Instance.new("Pose")
Left_Leg_k9.Name = "Left Leg"
Left_Leg_k9.CFrame = cf(-0.512224, -0.004411, -0.990305, -0.997040, 0.009592, -0.076289, 0.008866, 0.999912, 0.009841, 0.076377, 0.009135, -0.997037)
Left_Leg_k9.Parent = Root_k9

 Right_Arm_k9 = Instance.new("Pose")
Right_Arm_k9.Name = "Right Arm"
Right_Arm_k9.CFrame = cf(-0.519218, -1.162804, -0.323117, -0.447397, 0.175528, 0.876941, -0.729251, 0.496024, -0.471332, -0.517716, -0.850382, -0.093916)
Right_Arm_k9.Parent = Root_k9

 Left_Arm_k9 = Instance.new("Pose")
Left_Arm_k9.Name = "Left Arm"
Left_Arm_k9.CFrame = cf(0.419229, 0.520192, -0.640094, -0.241940, -0.224541, 0.943953, -0.450931, -0.835393, -0.314293, 0.859143, -0.501697, 0.100862)
Left_Arm_k9.Parent = Root_k9

 Torso_k9 = Instance.new("Pose")
Torso_k9.Name = "Torso"
Torso_k9.CFrame = cf(-0.005647, 0.001489, 0.012069, 0.999864, 0.004604, 0.015849, -0.004372, 0.999884, -0.014622, -0.015914, 0.014551, 0.999767)
Torso_k9.Parent = Root_k9

 Right_Leg_k9 = Instance.new("Pose")
Right_Leg_k9.Name = "Right Leg"
Right_Leg_k9.CFrame = cf(0.489097, -0.001728, -0.970461, -0.994118, 0.006622, 0.108102, 0.011818, 0.998802, 0.047495, -0.107658, 0.048494, -0.993005)
Right_Leg_k9.Parent = Root_k9

 Head_k9 = Instance.new("Pose")
Head_k9.Name = "Head"
Head_k9.CFrame = cf(0.005035, 0.516622, -0.996084, 0.999507, 0.010070, -0.029728, -0.010298, 0.999919, -0.007530, 0.029649, 0.007832, 0.999530)
Head_k9.Parent = Root_k9

-- Keyframe 10 (Time: 0.25707614049315453)
 keyframe10 = Instance.new("Keyframe")
keyframe10.Time = 0.25707614049315453
keyframe10.Parent = KeyframeSequence

 Root_k10 = Instance.new("Pose")
Root_k10.Name = "HumanoidRootPart"
Root_k10.CFrame = cf(0,0,0, 1,0,0, 0,1,0, 0,0,1)
Root_k10.Parent = keyframe10

 Left_Leg_k10 = Instance.new("Pose")
Left_Leg_k10.Name = "Left Leg"
Left_Leg_k10.CFrame = cf(-0.513689, -0.005147, -1.003904, -0.996058, 0.009729, -0.088167, 0.008725, 0.999893, 0.011769, 0.088272, 0.010954, -0.996036)
Left_Leg_k10.Parent = Root_k10

 Right_Arm_k10 = Instance.new("Pose")
Right_Arm_k10.Name = "Right Arm"
Right_Arm_k10.CFrame = cf(-0.657258, -1.052050, -0.401174, -0.393725, 0.403971, 0.825705, -0.736076, 0.399497, -0.546438, -0.550612, -0.822927, 0.140061)
Right_Arm_k10.Parent = Root_k10

 Left_Arm_k10 = Instance.new("Pose")
Left_Arm_k10.Name = "Left Arm"
Left_Arm_k10.CFrame = cf(0.474677, 0.437917, -0.654528, -0.164961, -0.353362, 0.920827, -0.534887, -0.752351, -0.384532, 0.828664, -0.555971, -0.064900)
Left_Arm_k10.Parent = Root_k10

 Torso_k10 = Instance.new("Pose")
Torso_k10.Name = "Torso"
Torso_k10.CFrame = cf(-0.006826, 0.007136, 0.015878, 0.999981, 0.004678, 0.003969, -0.004601, 0.999806, -0.019172, -0.004058, 0.019153, 0.999808)
Torso_k10.Parent = Root_k10

 Right_Leg_k10 = Instance.new("Pose")
Right_Leg_k10.Name = "Right Leg"
Right_Leg_k10.CFrame = cf(0.489413, -0.003409, -0.985061, -0.995329, 0.008965, 0.096126, 0.012416, 0.999297, 0.035372, -0.095741, 0.036400, -0.994740)
Right_Leg_k10.Parent = Root_k10

 Head_k10 = Instance.new("Pose")
Head_k10.Name = "Head"
Head_k10.CFrame = cf(0.004927, 0.516636, -0.998691, 0.999676, 0.009853, -0.023467, -0.009912, 0.999948, -0.002387, 0.023443, 0.002619, 0.999722)
Head_k10.Parent = Root_k10

-- Keyframe 11 (Time: 0.28107266128063202)
 keyframe11 = Instance.new("Keyframe")
keyframe11.Time = 0.28107266128063202
keyframe11.Parent = KeyframeSequence

 Root_k11 = Instance.new("Pose")
Root_k11.Name = "HumanoidRootPart"
Root_k11.CFrame = cf(0,0,0, 1,0,0, 0,1,0, 0,0,1)
Root_k11.Parent = keyframe11

 Left_Leg_k11 = Instance.new("Pose")
Left_Leg_k11.Name = "Left Leg"
Left_Leg_k11.CFrame = cf(-0.517135, -0.007023, -1.037923, -0.992985, 0.010168, -0.117802, 0.008271, 0.999828, 0.016583, 0.117950, 0.015492, -0.992899)
Left_Leg_k11.Parent = Root_k11

 Right_Arm_k11 = Instance.new("Pose")
Right_Arm_k11.Name = "Right Arm"
Right_Arm_k11.CFrame = cf(-0.935724, -0.761731, -0.691528, -0.241960, 0.859396, 0.450438, -0.784846, 0.099607, -0.611633, -0.570502, -0.501515, 0.650393)
Right_Arm_k11.Parent = Root_k11

 Left_Arm_k11 = Instance.new("Pose")
Left_Arm_k11.Name = "Left Arm"
Left_Arm_k11.CFrame = cf(0.634949, 0.202277, -0.710800, -0.026548, -0.664690, 0.746647, -0.743337, -0.486277, -0.459330, 0.668390, -0.567205, -0.481179)
Left_Arm_k11.Parent = Root_k11

 Torso_k11 = Instance.new("Pose")
Torso_k11.Name = "Torso"
Torso_k11.CFrame = cf(-0.009773, 0.021253, 0.025399, 0.999658, 0.004624, -0.025731, -0.005409, 0.999519, -0.030531, 0.025578, 0.030660, 0.999203)
Torso_k11.Parent = Root_k11

 Right_Leg_k11 = Instance.new("Pose")
Right_Leg_k11.Name = "Right Leg"
Right_Leg_k11.CFrame = cf(0.490523, -0.007274, -1.021433, -0.997718, 0.014181, 0.066008, 0.014548, 0.999881, 0.005080, -0.065928, 0.006028, -0.997806)
Right_Leg_k11.Parent = Root_k11

 Head_k11 = Instance.new("Pose")
Head_k11.Name = "Head"
Head_k11.CFrame = cf(0.004584, 0.516614, -1.005205, 0.999927, 0.009169, -0.007818, -0.009087, 0.999904, 0.010480, 0.007913, -0.010408, 0.999915)
Head_k11.Parent = Root_k11

-- Keyframe 12 (Time: 0.30606903694570065)
 keyframe12 = Instance.new("Keyframe")
keyframe12.Time = 0.30606903694570065
keyframe12.Parent = KeyframeSequence

 Root_k12 = Instance.new("Pose")
Root_k12.Name = "HumanoidRootPart"
Root_k12.CFrame = cf(0,0,0, 1,0,0, 0,1,0, 0,0,1)
Root_k12.Parent = keyframe12

 Left_Leg_k12 = Instance.new("Pose")
Left_Leg_k12.Name = "Left Leg"
Left_Leg_k12.CFrame = cf(-0.517787, -0.007404, -1.044732, -0.992265, 0.010272, -0.123716, 0.008163, 0.999813, 0.017544, 0.123873, 0.016398, -0.992163)
Left_Leg_k12.Parent = Root_k12

 Right_Arm_k12 = Instance.new("Pose")
Right_Arm_k12.Name = "Right Arm"
Right_Arm_k12.CFrame = cf(-0.974003, -0.706321, -0.759188, -0.214575, 0.912683, 0.347804, -0.798122, 0.041414, -0.601071, -0.562991, -0.406565, 0.719546)
Right_Arm_k12.Parent = Root_k12

 Left_Arm_k12 = Instance.new("Pose")
Left_Arm_k12.Name = "Left Arm"
Left_Arm_k12.CFrame = cf(0.668798, 0.150658, -0.727412, -0.011193, -0.718215, 0.695731, -0.780161, -0.428946, -0.455361, 0.625478, -0.547879, -0.555522)
Left_Arm_k12.Parent = Root_k12

 Torso_k12 = Instance.new("Pose")
Torso_k12.Name = "Torso"
Torso_k12.CFrame = cf(-0.010363, 0.024076, 0.027303, 0.999488, 0.004572, -0.031668, -0.005611, 0.999446, -0.032798, 0.031500, 0.032959, 0.998960)
Torso_k12.Parent = Root_k12

 Right_Leg_k12 = Instance.new("Pose")
Right_Leg_k12.Name = "Right Leg"
Right_Leg_k12.CFrame = cf(0.490801, -0.007989, -1.028688, -0.998086, 0.015114, 0.059959, 0.015083, 0.999886, -0.000971, -0.059966, -0.000065, -0.998200)
Right_Leg_k12.Parent = Root_k12

 Head_k12 = Instance.new("Pose")
Head_k12.Name = "Head"
Head_k12.CFrame = cf(0.004504, 0.516599, -1.006507, 0.999948, 0.009008, -0.004689, -0.008946, 0.999875, 0.013055, 0.004806, -0.013012, 0.999904)
Head_k12.Parent = Root_k12

-- Keyframe 13 (Time: 0.33006555680185556)
 keyframe13 = Instance.new("Keyframe")
keyframe13.Time = 0.33006555680185556
keyframe13.Parent = KeyframeSequence

 Root_k13 = Instance.new("Pose")
Root_k13.Name = "HumanoidRootPart"
Root_k13.CFrame = cf(0,0,0, 1,0,0, 0,1,0, 0,0,1)
Root_k13.Parent = keyframe13

 Left_Leg_k13 = Instance.new("Pose")
Left_Leg_k13.Name = "Left Leg"
Left_Leg_k13.CFrame = cf(-0.517278, -0.008345, -1.054088, -0.990746, 0.009386, -0.135402, 0.005814, 0.999625, 0.026750, 0.135602, 0.025715, -0.990430)
Left_Leg_k13.Parent = Root_k13

 Right_Arm_k13 = Instance.new("Pose")
Right_Arm_k13.Name = "Right Arm"
Right_Arm_k13.CFrame = cf(-1.007978, -0.519705, -0.788044, -0.291809, 0.929207, 0.226765, -0.797969, -0.105795, -0.593340, -0.527345, -0.354093, 0.772350)
Right_Arm_k13.Parent = Root_k13

 Left_Arm_k13 = Instance.new("Pose")
Left_Arm_k13.Name = "Left Arm"
Left_Arm_k13.CFrame = cf(0.763194, -0.036032, -0.763032, -0.077715, -0.858302, 0.507225, -0.871687, -0.188420, -0.452392, 0.483861, -0.477299, -0.733528)
Left_Arm_k13.Parent = Root_k13

 Torso_k13 = Instance.new("Pose")
Torso_k13.Name = "Torso"
Torso_k13.CFrame = cf(-0.010723, 0.026077, 0.022579, 0.999047, 0.003544, -0.043501, -0.005085, 0.999361, -0.035370, 0.043348, 0.035558, 0.998427)
Torso_k13.Parent = Root_k13

 Right_Leg_k13 = Instance.new("Pose")
Right_Leg_k13.Name = "Right Leg"
Right_Leg_k13.CFrame = cf(0.491658, -0.009340, -1.032000, -0.998742, 0.014001, 0.048150, 0.014131, 0.999897, 0.002347, -0.048112, 0.003025, -0.998837)
Right_Leg_k13.Parent = Root_k13

 Head_k13 = Instance.new("Pose")
Head_k13.Name = "Head"
Head_k13.CFrame = cf(0.004565, 0.516562, -1.008906, 0.999955, 0.009130, -0.002595, -0.009082, 0.999800, 0.017836, 0.002757, -0.017811, 0.999838)
Head_k13.Parent = Root_k13

-- Keyframe 14 (Time: 0.35664747934788465)
 keyframe14 = Instance.new("Keyframe")
keyframe14.Time = 0.35664747934788465
keyframe14.Parent = KeyframeSequence

 Root_k14 = Instance.new("Pose")
Root_k14.Name = "HumanoidRootPart"
Root_k14.CFrame = cf(0,0,0, 1,0,0, 0,1,0, 0,0,1)
Root_k14.Parent = keyframe14

 Left_Leg_k14 = Instance.new("Pose")
Left_Leg_k14.Name = "Left Leg"
Left_Leg_k14.CFrame = cf(-0.516519, -0.009835, -1.069745, -0.987904, 0.008152, -0.154852, 0.001657, 0.999115, 0.042025, 0.155057, 0.041260, -0.987043)
Left_Leg_k14.Parent = Root_k14

 Right_Arm_k14 = Instance.new("Pose")
Right_Arm_k14.Name = "Right Arm"
Right_Arm_k14.CFrame = cf(-1.040073, -0.198658, -0.851574, -0.421961, 0.906259, 0.025360, -0.770005, -0.343474, -0.537697, -0.478582, -0.246415, 0.842757)
Right_Arm_k14.Parent = Root_k14

 Left_Arm_k14 = Instance.new("Pose")
Left_Arm_k14.Name = "Left Arm"
Left_Arm_k14.CFrame = cf(0.888593, -0.392729, -0.891744, -0.265499, -0.951010, 0.158400, -0.929929, 0.209245, -0.302405, 0.254446, -0.227589, -0.939926)
Left_Arm_k14.Parent = Root_k14

 Torso_k14 = Instance.new("Pose")
Torso_k14.Name = "Torso"
Torso_k14.CFrame = cf(-0.011324, 0.029413, 0.014706, 0.997999, 0.001762, -0.063201, -0.004276, 0.999204, -0.039669, 0.063080, 0.039860, 0.997212)
Torso_k14.Parent = Root_k14

 Right_Leg_k14 = Instance.new("Pose")
Right_Leg_k14.Name = "Right Leg"
Right_Leg_k14.CFrame = cf(0.492849, -0.011522, -1.037552, -0.999521, 0.012228, 0.028444, 0.012455, 0.999892, 0.007851, -0.028345, 0.008202, -0.999565)
Right_Leg_k14.Parent = Root_k14

 Head_k14 = Instance.new("Pose")
Head_k14.Name = "Head"
Head_k14.CFrame = cf(0.004656, 0.516474, -1.012905, 0.999956, 0.009311, 0.000897, -0.009331, 0.999624, 0.025802, -0.000656, -0.025810, 0.999667)
Head_k14.Parent = Root_k14

-- Keyframe 15 (Time: 0.38453083112835884)
 keyframe15 = Instance.new("Keyframe")
keyframe15.Time = 0.38453083112835884
keyframe15.Parent = KeyframeSequence

 Root_k15 = Instance.new("Pose")
Root_k15.Name = "HumanoidRootPart"
Root_k15.CFrame = cf(0,0,0, 1,0,0, 0,1,0, 0,0,1)
Root_k15.Parent = keyframe15

 Left_Leg_k15 = Instance.new("Pose")
Left_Leg_k15.Name = "Left Leg"
Left_Leg_k15.CFrame = cf(-0.516519, -0.009835, -1.069745, -0.987904, 0.008152, -0.154852, 0.001657, 0.999115, 0.042025, 0.155057, 0.041260, -0.987043)
Left_Leg_k15.Parent = Root_k15

 Right_Arm_k15 = Instance.new("Pose")
Right_Arm_k15.Name = "Right Arm"
Right_Arm_k15.CFrame = cf(-1.040073, -0.198658, -0.851574, -0.421961, 0.906259, 0.025360, -0.770005, -0.343474, -0.537697, -0.478582, -0.246415, 0.842757)
Right_Arm_k15.Parent = Root_k15

 Left_Arm_k15 = Instance.new("Pose")
Left_Arm_k15.Name = "Left Arm"
Left_Arm_k15.CFrame = cf(0.888593, -0.392729, -0.891744, -0.265499, -0.951010, 0.158400, -0.929929, 0.209245, -0.302405, 0.254446, -0.227589, -0.939926)
Left_Arm_k15.Parent = Root_k15

 Torso_k15 = Instance.new("Pose")
Torso_k15.Name = "Torso"
Torso_k15.CFrame = cf(-0.011324, 0.029413, 0.014706, 0.997999, 0.001762, -0.063201, -0.004276, 0.999204, -0.039669, 0.063080, 0.039860, 0.997212)
Torso_k15.Parent = Root_k15

 Right_Leg_k15 = Instance.new("Pose")
Right_Leg_k15.Name = "Right Leg"
Right_Leg_k15.CFrame = cf(0.492849, -0.011522, -1.037552, -0.999521, 0.012228, 0.028444, 0.012455, 0.999892, 0.007851, -0.028345, 0.008202, -0.999565)
Right_Leg_k15.Parent = Root_k15

 Head_k15 = Instance.new("Pose")
Head_k15.Name = "Head"
Head_k15.CFrame = cf(0.004656, 0.516474, -1.012905, 0.999956, 0.009311, 0.000897, -0.009331, 0.999624, 0.025802, -0.000656, -0.025810, 0.999667)
Head_k15.Parent = Root_k15

-- Keyframe 16 (Time: 0.41141834855079651)
 keyframe16 = Instance.new("Keyframe")
keyframe16.Time = 0.41141834855079651
keyframe16.Parent = KeyframeSequence

 Root_k16 = Instance.new("Pose")
Root_k16.Name = "HumanoidRootPart"
Root_k16.CFrame = cf(0,0,0, 1,0,0, 0,1,0, 0,0,1)
Root_k16.Parent = keyframe16

 Left_Leg_k16 = Instance.new("Pose")
Left_Leg_k16.Name = "Left Leg"
Left_Leg_k16.CFrame = cf(-0.511016, -0.013100, -1.067933, -0.988216, 0.002680, -0.153041, -0.003326, 0.999235, 0.038976, 0.153029, 0.039026, -0.987451)
Left_Leg_k16.Parent = Root_k16

 Right_Arm_k16 = Instance.new("Pose")
Right_Arm_k16.Name = "Right Arm"
Right_Arm_k16.CFrame = cf(-0.967278, 0.125759, -0.824587, -0.650886, 0.738286, -0.176863, -0.600712, -0.643307, -0.474659, -0.464211, -0.202705, 0.862217)
Right_Arm_k16.Parent = Root_k16

 Left_Arm_k16 = Instance.new("Pose")
Left_Arm_k16.Name = "Left Arm"
Left_Arm_k16.CFrame = cf(0.863986, -0.692581, -0.988747, -0.511163, -0.859084, -0.026214, -0.794931, 0.484148, -0.365629, 0.326797, -0.166058, -0.930391)
Left_Arm_k16.Parent = Root_k16

 Torso_k16 = Instance.new("Pose")
Torso_k16.Name = "Torso"
Torso_k16.CFrame = cf(-0.011650, 0.021641, 0.003793, 0.998116, -0.001864, -0.061319, -0.000268, 0.999396, -0.034746, 0.061347, 0.034697, 0.997513)
Torso_k16.Parent = Root_k16

 Right_Leg_k16 = Instance.new("Pose")
Right_Leg_k16.Name = "Right Leg"
Right_Leg_k16.CFrame = cf(0.498463, -0.014695, -1.036401, -0.999513, 0.006674, 0.030488, 0.006876, 0.999955, 0.006499, -0.030443, 0.006706, -0.999514)
Right_Leg_k16.Parent = Root_k16

 Head_k16 = Instance.new("Pose")
Head_k16.Name = "Head"
Head_k16.CFrame = cf(0.006115, 0.516439, -1.013623, 0.999753, 0.012230, -0.018542, -0.011719, 0.999554, 0.027470, 0.018870, -0.027246, 0.999451)
Head_k16.Parent = Root_k16

-- Keyframe 17 (Time: 0.43432253040373325)
 keyframe17 = Instance.new("Keyframe")
keyframe17.Time = 0.43432253040373325
keyframe17.Parent = KeyframeSequence

 Root_k17 = Instance.new("Pose")
Root_k17.Name = "HumanoidRootPart"
Root_k17.CFrame = cf(0,0,0, 1,0,0, 0,1,0, 0,0,1)
Root_k17.Parent = keyframe17

 Left_Leg_k17 = Instance.new("Pose")
Left_Leg_k17.Name = "Left Leg"
Left_Leg_k17.CFrame = cf(-0.509180, -0.014182, -1.067326, -0.988313, 0.000858, -0.152434, -0.004988, 0.999267, 0.037962, 0.152355, 0.038278, -0.987584)
Left_Leg_k17.Parent = Root_k17

 Right_Arm_k17 = Instance.new("Pose")
Right_Arm_k17.Name = "Right Arm"
Right_Arm_k17.CFrame = cf(-0.924623, 0.233956, -0.817813, -0.712178, 0.660535, -0.237692, -0.528109, -0.727194, -0.438508, -0.462498, -0.186769, 0.866726)
Right_Arm_k17.Parent = Root_k17

 Left_Arm_k17 = Instance.new("Pose")
Left_Arm_k17.Name = "Left Arm"
Left_Arm_k17.CFrame = cf(0.839904, -0.796867, -1.019959, -0.580550, -0.809183, -0.090467, -0.733441, 0.567963, -0.373473, 0.353590, -0.150468, -0.923219)
Left_Arm_k17.Parent = Root_k17

 Torso_k17 = Instance.new("Pose")
Torso_k17.Name = "Torso"
Torso_k17.CFrame = cf(-0.011759, 0.019050, 0.000155, 0.998151, -0.003075, -0.060697, 0.001066, 0.999451, -0.033103, 0.060766, 0.032977, 0.997607)
Torso_k17.Parent = Root_k17

 Right_Leg_k17 = Instance.new("Pose")
Right_Leg_k17.Name = "Right Leg"
Right_Leg_k17.CFrame = cf(0.500330, -0.015745, -1.036015, -0.999502, 0.004824, 0.031171, 0.005015, 0.999969, 0.006051, -0.031141, 0.006204, -0.999496)
Right_Leg_k17.Parent = Root_k17

 Head_k17 = Instance.new("Pose")
Head_k17.Name = "Head"
Head_k17.CFrame = cf(0.006605, 0.516426, -1.013857, 0.999600, 0.013211, -0.025021, -0.012508, 0.999529, 0.028038, 0.025380, -0.027714, 0.999294)
Head_k17.Parent = Root_k17

-- Keyframe 18 (Time: 0.46050977800041437)
 keyframe18 = Instance.new("Keyframe")
keyframe18.Time = 0.46050977800041437
keyframe18.Parent = KeyframeSequence

 Root_k18 = Instance.new("Pose")
Root_k18.Name = "HumanoidRootPart"
Root_k18.CFrame = cf(0,0,0, 1,0,0, 0,1,0, 0,0,1)
Root_k18.Parent = keyframe18

 Left_Leg_k18 = Instance.new("Pose")
Left_Leg_k18.Name = "Left Leg"
Left_Leg_k18.CFrame = cf(-0.503432, -0.013150, -1.034524, -0.989201, 0.002632, -0.146540, -0.006548, 0.998047, 0.062122, 0.146418, 0.062411, -0.987252)
Left_Leg_k18.Parent = Root_k18

 Right_Arm_k18 = Instance.new("Pose")
Right_Arm_k18.Name = "Right Arm"
Right_Arm_k18.CFrame = cf(-0.871420, 0.310971, -0.813082, -0.770084, 0.566900, -0.292565, -0.434276, -0.801791, -0.410531, -0.467306, -0.189089, 0.863638)
Right_Arm_k18.Parent = Root_k18

 Left_Arm_k18 = Instance.new("Pose")
Left_Arm_k18.Name = "Left Arm"
Left_Arm_k18.CFrame = cf(0.805298, -0.907369, -0.971902, -0.694832, -0.712777, -0.095691, -0.599742, 0.647721, -0.469859, 0.396886, -0.269083, -0.877540)
Left_Arm_k18.Parent = Root_k18

 Torso_k18 = Instance.new("Pose")
Torso_k18.Name = "Torso"
Torso_k18.CFrame = cf(-0.011472, 0.013962, -0.001055, 0.998497, -0.004225, -0.054649, 0.002591, 0.999548, -0.029945, 0.054751, 0.029759, 0.998057)
Torso_k18.Parent = Root_k18

 Right_Leg_k18 = Instance.new("Pose")
Right_Leg_k18.Name = "Right Leg"
Right_Leg_k18.CFrame = cf(0.501172, -0.014816, -1.010247, -0.999306, 0.001463, 0.037208, 0.002551, 0.999570, 0.029200, -0.037149, 0.029275, -0.998881)
Right_Leg_k18.Parent = Root_k18

 Head_k18 = Instance.new("Pose")
Head_k18.Name = "Head"
Head_k18.CFrame = cf(0.007284, 0.516424, -1.013577, 0.999289, 0.014567, -0.034778, -0.013609, 0.999525, 0.027646, 0.035165, -0.027153, 0.999013)
Head_k18.Parent = Root_k18

-- Keyframe 19 (Time: 0.48873425368219614)
 keyframe19 = Instance.new("Keyframe")
keyframe19.Time = 0.48873425368219614
keyframe19.Parent = KeyframeSequence

 Root_k19 = Instance.new("Pose")
Root_k19.Name = "HumanoidRootPart"
Root_k19.CFrame = cf(0,0,0, 1,0,0, 0,1,0, 0,0,1)
Root_k19.Parent = keyframe19

 Left_Leg_k19 = Instance.new("Pose")
Left_Leg_k19.Name = "Left Leg"
Left_Leg_k19.CFrame = cf(-0.485223, -0.006102, -0.936031, -0.991672, 0.007083, -0.128593, -0.010349, 0.990874, 0.134392, 0.128371, 0.134604, -0.982549)
Left_Leg_k19.Parent = Root_k19

 Right_Arm_k19 = Instance.new("Pose")
Right_Arm_k19.Name = "Right Arm"
Right_Arm_k19.CFrame = cf(-0.651635, 0.521264, -0.795741, -0.869593, 0.239860, -0.431596, -0.118703, -0.950003, -0.288798, -0.479288, -0.199906, 0.854588)
Right_Arm_k19.Parent = Root_k19

 Left_Arm_k19 = Instance.new("Pose")
Left_Arm_k19.Name = "Left Arm"
Left_Arm_k19.CFrame = cf(0.599523, -1.195331, -0.756813, -0.918265, -0.339063, -0.204512, -0.104626, 0.705897, -0.700544, 0.381893, -0.621888, -0.683676)
Left_Arm_k19.Parent = Root_k19

 Torso_k19 = Instance.new("Pose")
Torso_k19.Name = "Torso"
Torso_k19.CFrame = cf(-0.010611, -0.001303, -0.004685, 0.999303, -0.007793, -0.036516, 0.007051, 0.999767, -0.020416, 0.036666, 0.020144, 0.999124)
Torso_k19.Parent = Root_k19

 Right_Leg_k19 = Instance.new("Pose")
Right_Leg_k19.Name = "Right Leg"
Right_Leg_k19.CFrame = cf(0.504392, -0.009197, -0.932529, -0.998451, -0.009445, 0.054823, -0.003999, 0.995119, 0.098603, -0.055487, 0.098231, -0.993616)
Right_Leg_k19.Parent = Root_k19

 Head_k19 = Instance.new("Pose")
Head_k19.Name = "Head"
Head_k19.CFrame = cf(0.009303, 0.516414, -1.012697, 0.997774, 0.018606, -0.064035, -0.016935, 0.999504, 0.026537, 0.064497, -0.025393, 0.997595)
Head_k19.Parent = Root_k19

-- Keyframe 20 (Time: 0.51292666140943766)
 keyframe20 = Instance.new("Keyframe")
keyframe20.Time = 0.51292666140943766
keyframe20.Parent = KeyframeSequence

 Root_k20 = Instance.new("Pose")
Root_k20.Name = "HumanoidRootPart"
Root_k20.CFrame = cf(0,0,0, 1,0,0, 0,1,0, 0,0,1)
Root_k20.Parent = keyframe20

 Left_Leg_k20 = Instance.new("Pose")
Left_Leg_k20.Name = "Left Leg"
Left_Leg_k20.CFrame = cf(-0.485223, -0.006102, -0.936031, -0.991672, 0.007083, -0.128593, -0.010349, 0.990874, 0.134392, 0.128371, 0.134604, -0.982549)
Left_Leg_k20.Parent = Root_k20

 Right_Arm_k20 = Instance.new("Pose")
Right_Arm_k20.Name = "Right Arm"
Right_Arm_k20.CFrame = cf(-0.651635, 0.521264, -0.795741, -0.869593, 0.239860, -0.431596, -0.118703, -0.950003, -0.288798, -0.479288, -0.199906, 0.854588)
Right_Arm_k20.Parent = Root_k20

 Left_Arm_k20 = Instance.new("Pose")
Left_Arm_k20.Name = "Left Arm"
Left_Arm_k20.CFrame = cf(0.599523, -1.195331, -0.756813, -0.918265, -0.339063, -0.204512, -0.104626, 0.705897, -0.700544, 0.381893, -0.621888, -0.683676)
Left_Arm_k20.Parent = Root_k20

 Torso_k20 = Instance.new("Pose")
Torso_k20.Name = "Torso"
Torso_k20.CFrame = cf(-0.010611, -0.001303, -0.004685, 0.999303, -0.007793, -0.036516, 0.007051, 0.999767, -0.020416, 0.036666, 0.020144, 0.999124)
Torso_k20.Parent = Root_k20

 Right_Leg_k20 = Instance.new("Pose")
Right_Leg_k20.Name = "Right Leg"
Right_Leg_k20.CFrame = cf(0.504392, -0.009197, -0.932529, -0.998451, -0.009445, 0.054823, -0.003999, 0.995119, 0.098603, -0.055487, 0.098231, -0.993616)
Right_Leg_k20.Parent = Root_k20

 Head_k20 = Instance.new("Pose")
Head_k20.Name = "Head"
Head_k20.CFrame = cf(0.009303, 0.516414, -1.012697, 0.997774, 0.018606, -0.064035, -0.016935, 0.999504, 0.026537, 0.064497, -0.025393, 0.997595)
Head_k20.Parent = Root_k20

-- Keyframe 21 (Time: 0.53711906913667917)
 keyframe21 = Instance.new("Keyframe")
keyframe21.Time = 0.53711906913667917
keyframe21.Parent = KeyframeSequence

 Root_k21 = Instance.new("Pose")
Root_k21.Name = "HumanoidRootPart"
Root_k21.CFrame = cf(0,0,0, 1,0,0, 0,1,0, 0,0,1)
Root_k21.Parent = keyframe21

 Left_Leg_k21 = Instance.new("Pose")
Left_Leg_k21.Name = "Left Leg"
Left_Leg_k21.CFrame = cf(-0.479708, 0.005369, -0.888400, -0.993636, 0.005390, -0.112509, -0.012521, 0.987379, 0.157879, 0.111940, 0.158283, -0.981028)
Left_Leg_k21.Parent = Root_k21

 Right_Arm_k21 = Instance.new("Pose")
Right_Arm_k21.Name = "Right Arm"
Right_Arm_k21.CFrame = cf(-0.527747, 0.579684, -0.769287, -0.896963, 0.021230, -0.441597, 0.125317, -0.945671, -0.300004, -0.423974, -0.324432, 0.845571)
Right_Arm_k21.Parent = Root_k21

 Left_Arm_k21 = Instance.new("Pose")
Left_Arm_k21.Name = "Left Arm"
Left_Arm_k21.CFrame = cf(0.213055, -1.330780, -0.372637, -0.914552, 0.272117, -0.299245, 0.395865, 0.450417, -0.800260, -0.082979, -0.850340, -0.519651)
Left_Arm_k21.Parent = Root_k21

 Torso_k21 = Instance.new("Pose")
Torso_k21.Name = "Torso"
Torso_k21.CFrame = cf(-0.008129, -0.016506, -0.005015, 0.999759, -0.009128, -0.019972, 0.008847, 0.999861, -0.014116, 0.020098, 0.013935, 0.999701)
Torso_k21.Parent = Root_k21

 Right_Leg_k21 = Instance.new("Pose")
Right_Leg_k21.Name = "Right Leg"
Right_Leg_k21.CFrame = cf(0.503693, 0.000169, -0.893212, -0.997369, -0.017553, 0.070330, -0.008143, 0.991228, 0.131908, -0.072029, 0.130988, -0.988764)
Right_Leg_k21.Parent = Root_k21

 Head_k21 = Instance.new("Pose")
Head_k21.Name = "Head"
Head_k21.CFrame = cf(0.015785, 0.516248, -1.012844, 0.995949, 0.031571, -0.084198, -0.029283, 0.999171, 0.028268, 0.085020, -0.025688, 0.996048)
Head_k21.Parent = Root_k21

-- Keyframe 22 (Time: 0.56089639384299517)
 keyframe22 = Instance.new("Keyframe")
keyframe22.Time = 0.56089639384299517
keyframe22.Parent = KeyframeSequence

 Root_k22 = Instance.new("Pose")
Root_k22.Name = "HumanoidRootPart"
Root_k22.CFrame = cf(0,0,0, 1,0,0, 0,1,0, 0,0,1)
Root_k22.Parent = keyframe22

 Left_Leg_k22 = Instance.new("Pose")
Left_Leg_k22.Name = "Left Leg"
Left_Leg_k22.CFrame = cf(-0.476149, 0.012615, -0.859783, -0.994686, 0.004188, -0.102865, -0.013635, 0.985012, 0.171944, 0.102043, 0.172433, -0.979721)
Left_Leg_k22.Parent = Root_k22

 Right_Arm_k22 = Instance.new("Pose")
Right_Arm_k22.Name = "Right Arm"
Right_Arm_k22.CFrame = cf(-0.439807, 0.598366, -0.750350, -0.886735, -0.110512, -0.448875, 0.268304, -0.913757, -0.305060, -0.376450, -0.390942, 0.839911)
Right_Arm_k22.Parent = Root_k22

 Left_Arm_k22 = Instance.new("Pose")
Left_Arm_k22.Name = "Left Arm"
Left_Arm_k22.CFrame = cf(-0.081858, -1.280485, -0.215720, -0.717720, 0.570283, -0.399569, 0.572842, 0.157318, -0.804427, -0.395892, -0.806243, -0.439592)
Left_Arm_k22.Parent = Root_k22

 Torso_k22 = Instance.new("Pose")
Torso_k22.Name = "Torso"
Torso_k22.CFrame = cf(-0.006640, -0.025627, -0.005212, 0.999900, -0.009978, -0.010048, 0.009874, 0.999898, -0.010321, 0.010150, 0.010221, 0.999896)
Torso_k22.Parent = Root_k22

 Right_Leg_k22 = Instance.new("Pose")
Right_Leg_k22.Name = "Right Leg"
Right_Leg_k22.CFrame = cf(0.503446, 0.006199, -0.869460, -0.996578, -0.022661, 0.079492, -0.010361, 0.988349, 0.151852, -0.082007, 0.150508, -0.985202)
Right_Leg_k22.Parent = Root_k22

 Head_k22 = Instance.new("Pose")
Head_k22.Name = "Head"
Head_k22.CFrame = cf(0.019675, 0.516109, -1.012869, 0.994577, 0.039350, -0.096268, -0.036672, 0.998894, 0.029427, 0.097320, -0.025737, 0.994920)
Head_k22.Parent = Root_k22

-- Keyframe 23 (Time: 0.58874846994876862)
 keyframe23 = Instance.new("Keyframe")
keyframe23.Time = 0.58874846994876862
keyframe23.Parent = KeyframeSequence

 Root_k23 = Instance.new("Pose")
Root_k23.Name = "HumanoidRootPart"
Root_k23.CFrame = cf(0,0,0, 1,0,0, 0,1,0, 0,0,1)
Root_k23.Parent = keyframe23

 Left_Leg_k23 = Instance.new("Pose")
Left_Leg_k23.Name = "Left Leg"
Left_Leg_k23.CFrame = cf(-0.476226, 0.014391, -0.854597, -0.994869, 0.004422, -0.101073, -0.013418, 0.984451, 0.175144, 0.100276, 0.175601, -0.979341)
Left_Leg_k23.Parent = Root_k23

 Right_Arm_k23 = Instance.new("Pose")
Right_Arm_k23.Name = "Right Arm"
Right_Arm_k23.CFrame = cf(-0.421784, 0.595208, -0.738264, -0.883654, -0.142752, -0.445845, 0.304652, -0.898468, -0.316138, -0.355448, -0.415184, 0.837424)
Right_Arm_k23.Parent = Root_k23

