-- Captured: rbxassetid://106600960504898
local KeyframeSequence = Instance.new("KeyframeSequence")
KeyframeSequence.Name = "Captured"
local cf = CFrame.new

-- Keyframe 1 (Time: 0.029996970668435097)
local keyframe1 = Instance.new("Keyframe")
keyframe1.Time = 0.029996970668435097
keyframe1.Parent = KeyframeSequence

local Root_k1 = Instance.new("Pose")
Root_k1.Name = "HumanoidRootPart"
Root_k1.CFrame = cf(0,0,0, 1,0,0, 0,1,0, 0,0,1)
Root_k1.Parent = keyframe1

local Left_Leg_k1 = Instance.new("Pose")
Left_Leg_k1.Name = "Left Leg"
Left_Leg_k1.CFrame = cf(-0.500000, 0.032129, -1.000000, -1.000000, 0.000000, 0.000000, 0.000000, 1.000000, 0.000000, -0.000000, 0.000000, -1.000000)
Left_Leg_k1.Parent = Root_k1

local Right_Arm_k1 = Instance.new("Pose")
Right_Arm_k1.Name = "Right Arm"
Right_Arm_k1.CFrame = cf(-0.501474, -1.003510, -0.992951, -0.999966, 0.002981, -0.007686, 0.003030, 0.999975, -0.006409, 0.007666, -0.006432, -0.999950)
Right_Arm_k1.Parent = Root_k1

local Left_Arm_k1 = Instance.new("Pose")
Left_Arm_k1.Name = "Left Arm"
Left_Arm_k1.CFrame = cf(0.502384, -1.008808, -0.992842, -0.999908, -0.004860, 0.012642, -0.004881, 0.999987, -0.001621, -0.012634, -0.001682, -0.999919)
Left_Arm_k1.Parent = Root_k1

local Torso_k1 = Instance.new("Pose")
Torso_k1.Name = "Torso"
Torso_k1.CFrame = cf(-0.000000, -0.034685, 0.000000, 1.000000, 0.000000, -0.000000, -0.000000, 1.000000, 0.000000, 0.000000, -0.000000, 1.000000)
Torso_k1.Parent = Root_k1

local Right_Leg_k1 = Instance.new("Pose")
Right_Leg_k1.Name = "Right Leg"
Right_Leg_k1.CFrame = cf(0.500000, 0.025902, -1.000000, -1.000000, 0.000000, 0.000000, 0.000000, 1.000000, 0.000000, -0.000000, 0.000000, -1.000000)
Right_Leg_k1.Parent = Root_k1

local Head_k1 = Instance.new("Pose")
Head_k1.Name = "Head"
Head_k1.CFrame = cf(-0.000000, 0.499997, -0.998532, 1.000000, -0.000000, 0.000665, 0.000002, 0.999996, -0.002935, -0.000665, 0.002935, 0.999995)
Head_k1.Parent = Root_k1

-- Keyframe 2 (Time: 0.06145934946835041)
local keyframe2 = Instance.new("Keyframe")
keyframe2.Time = 0.06145934946835041
keyframe2.Parent = KeyframeSequence

local Root_k2 = Instance.new("Pose")
Root_k2.Name = "HumanoidRootPart"
Root_k2.CFrame = cf(0,0,0, 1,0,0, 0,1,0, 0,0,1)
Root_k2.Parent = keyframe2

local Left_Leg_k2 = Instance.new("Pose")
Left_Leg_k2.Name = "Left Leg"
Left_Leg_k2.CFrame = cf(-0.489306, 0.033554, -0.864231, -0.995532, 0.013681, -0.093426, -0.001996, 0.986178, 0.165679, 0.094402, 0.165125, -0.981744)
Left_Leg_k2.Parent = Root_k2

local Right_Arm_k2 = Instance.new("Pose")
Right_Arm_k2.Name = "Right Arm"
Right_Arm_k2.CFrame = cf(0.186317, -0.995277, -0.045262, -0.456937, -0.447996, 0.768446, -0.871453, 0.398603, -0.285807, -0.178264, -0.800260, -0.572543)
Right_Arm_k2.Parent = Root_k2

local Left_Arm_k2 = Instance.new("Pose")
Left_Arm_k2.Name = "Left Arm"
Left_Arm_k2.CFrame = cf(-0.286152, 0.670851, -0.058667, -0.915192, 0.392841, 0.090003, -0.392841, -0.819677, -0.416901, -0.090002, -0.416901, 0.904485)
Left_Arm_k2.Parent = Root_k2

local Torso_k2 = Instance.new("Pose")
Torso_k2.Name = "Torso"
Torso_k2.CFrame = cf(0.006174, -0.051441, 0.014768, 0.999995, 0.002050, -0.002435, -0.002093, 0.999837, -0.017951, 0.002398, 0.017956, 0.999836)
Torso_k2.Parent = Root_k2

local Right_Leg_k2 = Instance.new("Pose")
Right_Leg_k2.Name = "Right Leg"
Right_Leg_k2.CFrame = cf(0.489809, 0.035186, -0.859625, -0.995969, -0.013391, 0.088695, 0.001706, 0.985788, 0.167987, -0.089684, 0.167461, -0.981791)
Right_Leg_k2.Parent = Root_k2

local Head_k2 = Instance.new("Pose")
Head_k2.Name = "Head"
Head_k2.CFrame = cf(-0.000645, 0.516614, -1.006902, 0.999928, -0.001291, 0.011903, 0.001126, 0.999904, 0.013817, -0.011920, -0.013803, 0.999834)
Head_k2.Parent = Root_k2

-- Keyframe 3 (Time: 0.087561061605811119)
local keyframe3 = Instance.new("Keyframe")
keyframe3.Time = 0.087561061605811119
keyframe3.Parent = KeyframeSequence

local Root_k3 = Instance.new("Pose")
Root_k3.Name = "HumanoidRootPart"
Root_k3.CFrame = cf(0,0,0, 1,0,0, 0,1,0, 0,0,1)
Root_k3.Parent = keyframe3

local Left_Leg_k3 = Instance.new("Pose")
Left_Leg_k3.Name = "Left Leg"
Left_Leg_k3.CFrame = cf(-0.492925, 0.031341, -0.861249, -0.996935, 0.011302, -0.077414, -0.000249, 0.989046, 0.147608, 0.078235, 0.147175, -0.986012)
Left_Leg_k3.Parent = Root_k3

local Right_Arm_k3 = Instance.new("Pose")
Right_Arm_k3.Name = "Right Arm"
Right_Arm_k3.CFrame = cf(0.155955, -1.018888, -0.083007, -0.463053, -0.453502, 0.761523, -0.861720, 0.431410, -0.267066, -0.207414, -0.779886, -0.590557)
Right_Arm_k3.Parent = Root_k3

local Left_Arm_k3 = Instance.new("Pose")
Left_Arm_k3.Name = "Left Arm"
Left_Arm_k3.CFrame = cf(-0.126852, 0.736238, -0.154970, -0.897408, 0.312304, 0.311648, -0.417576, -0.829260, -0.371428, 0.142439, -0.463460, 0.874595)
Left_Arm_k3.Parent = Root_k3

local Torso_k3 = Instance.new("Pose")
Torso_k3.Name = "Torso"
Torso_k3.CFrame = cf(0.005616, -0.046531, 0.010277, 0.999902, 0.002352, 0.013818, -0.002179, 0.999919, -0.012531, -0.013846, 0.012500, 0.999826)
Torso_k3.Parent = Root_k3

local Right_Leg_k3 = Instance.new("Pose")
Right_Leg_k3.Name = "Right Leg"
Right_Leg_k3.CFrame = cf(0.487523, 0.031892, -0.865188, -0.994380, -0.014460, 0.104882, 0.002388, 0.987314, 0.158765, -0.105847, 0.158123, -0.981730)
Right_Leg_k3.Parent = Root_k3

local Head_k3 = Instance.new("Pose")
Head_k3.Name = "Head"
Head_k3.CFrame = cf(0.000600, 0.516656, -1.002405, 0.999983, 0.001201, -0.005759, -0.001173, 0.999988, 0.004816, 0.005765, -0.004809, 0.999972)
Head_k3.Parent = Root_k3

-- Keyframe 4 (Time: 0.1166745088994503)
local keyframe4 = Instance.new("Keyframe")
keyframe4.Time = 0.1166745088994503
keyframe4.Parent = KeyframeSequence

local Root_k4 = Instance.new("Pose")
Root_k4.Name = "HumanoidRootPart"
Root_k4.CFrame = cf(0,0,0, 1,0,0, 0,1,0, 0,0,1)
Root_k4.Parent = keyframe4

local Left_Leg_k4 = Instance.new("Pose")
Left_Leg_k4.Name = "Left Leg"
Left_Leg_k4.CFrame = cf(-0.494167, 0.030643, -0.860242, -0.997344, 0.010575, -0.072063, 0.000267, 0.989929, 0.141567, 0.072834, 0.141172, -0.987302)
Left_Leg_k4.Parent = Root_k4

local Right_Arm_k4 = Instance.new("Pose")
Right_Arm_k4.Name = "Right Arm"
Right_Arm_k4.CFrame = cf(0.145770, -1.026543, -0.095684, -0.465142, -0.455257, 0.759199, -0.858220, 0.442172, -0.260659, -0.217030, -0.772803, -0.596384)
Right_Arm_k4.Parent = Root_k4

local Left_Arm_k4 = Instance.new("Pose")
Left_Arm_k4.Name = "Left Arm"
Left_Arm_k4.CFrame = cf(-0.078832, 0.757244, -0.188474, -0.879303, 0.283442, 0.382736, -0.423318, -0.833377, -0.355365, 0.218238, -0.474493, 0.852777)
Left_Arm_k4.Parent = Root_k4

local Torso_k4 = Instance.new("Pose")
Torso_k4.Name = "Torso"
Torso_k4.CFrame = cf(0.005430, -0.044895, 0.008780, 0.999812, 0.002433, 0.019235, -0.002227, 0.999940, -0.010725, -0.019260, 0.010680, 0.999757)
Torso_k4.Parent = Root_k4

local Right_Leg_k4 = Instance.new("Pose")
Right_Leg_k4.Name = "Right Leg"
Right_Leg_k4.CFrame = cf(0.486697, 0.030830, -0.867037, -0.993791, -0.014783, 0.110274, 0.002582, 0.987803, 0.155686, -0.111230, 0.155004, -0.981632)
Right_Leg_k4.Parent = Root_k4

local Head_k4 = Instance.new("Pose")
Head_k4.Name = "Head"
Head_k4.CFrame = cf(0.000998, 0.516660, -1.000901, 0.999930, 0.001996, -0.011651, -0.001975, 0.999996, 0.001824, 0.011654, -0.001801, 0.999930)
Head_k4.Parent = Root_k4

-- Keyframe 5 (Time: 0.14378013275563717)
local keyframe5 = Instance.new("Keyframe")
keyframe5.Time = 0.14378013275563717
keyframe5.Parent = KeyframeSequence

local Root_k5 = Instance.new("Pose")
Root_k5.Name = "HumanoidRootPart"
Root_k5.CFrame = cf(0,0,0, 1,0,0, 0,1,0, 0,0,1)
Root_k5.Parent = keyframe5

local Left_Leg_k5 = Instance.new("Pose")
Left_Leg_k5.Name = "Left Leg"
Left_Leg_k5.CFrame = cf(-0.498275, 0.024023, -0.870123, -0.998070, 0.009853, -0.061309, 0.002637, 0.993164, 0.116694, 0.062040, 0.116307, -0.991274)
Left_Leg_k5.Parent = Root_k5

local Right_Arm_k5 = Instance.new("Pose")
Right_Arm_k5.Name = "Right Arm"
Right_Arm_k5.CFrame = cf(0.043059, -1.098277, -0.124316, -0.480325, -0.394678, 0.783273, -0.835000, 0.479093, -0.270639, -0.268445, -0.784027, -0.559677)
Right_Arm_k5.Parent = Root_k5

local Left_Arm_k5 = Instance.new("Pose")
Left_Arm_k5.Name = "Left Arm"
Left_Arm_k5.CFrame = cf(0.078350, 0.738423, -0.316045, -0.782099, 0.171885, 0.598979, -0.420802, -0.854626, -0.304204, 0.459615, -0.489969, 0.740732)
Left_Arm_k5.Parent = Root_k5

local Torso_k5 = Instance.new("Pose")
Torso_k5.Name = "Torso"
Torso_k5.CFrame = cf(0.003475, -0.035494, 0.005802, 0.999542, 0.002868, 0.030111, -0.002655, 0.999971, -0.007119, -0.030131, 0.007036, 0.999521)
Torso_k5.Parent = Root_k5

local Right_Leg_k5 = Instance.new("Pose")
Right_Leg_k5.Name = "Right Leg"
Right_Leg_k5.CFrame = cf(0.485597, 0.024072, -0.881249, -0.992521, -0.012524, 0.121429, 0.004358, 0.990453, 0.137779, -0.121996, 0.137278, -0.982991)
Right_Leg_k5.Parent = Root_k5

local Head_k5 = Instance.new("Pose")
Head_k5.Name = "Head"
Head_k5.CFrame = cf(0.002376, 0.516646, -0.996861, 0.999650, 0.004753, -0.026038, -0.004914, 0.999969, -0.006151, 0.026008, 0.006277, 0.999642)
Head_k5.Parent = Root_k5

-- Keyframe 6 (Time: 0.17436579614877701)
local keyframe6 = Instance.new("Keyframe")
keyframe6.Time = 0.17436579614877701
keyframe6.Parent = KeyframeSequence

local Root_k6 = Instance.new("Pose")
Root_k6.Name = "HumanoidRootPart"
Root_k6.CFrame = cf(0,0,0, 1,0,0, 0,1,0, 0,0,1)
Root_k6.Parent = keyframe6

local Left_Leg_k6 = Instance.new("Pose")
Left_Leg_k6.Name = "Left Leg"
Left_Leg_k6.CFrame = cf(-0.502593, 0.017893, -0.879957, -0.998678, 0.009403, -0.050533, 0.004734, 0.995773, 0.091723, 0.051182, 0.091363, -0.994502)
Left_Leg_k6.Parent = Root_k6

local Right_Arm_k6 = Instance.new("Pose")
Right_Arm_k6.Name = "Right Arm"
Right_Arm_k6.CFrame = cf(-0.058634, -1.168115, -0.155265, -0.491720, -0.332347, 0.804833, -0.809849, 0.514156, -0.282470, -0.319932, -0.790689, -0.521971)
Right_Arm_k6.Parent = Root_k6

local Left_Arm_k6 = Instance.new("Pose")
Left_Arm_k6.Name = "Left Arm"
Left_Arm_k6.CFrame = cf(0.205847, 0.713540, -0.441931, -0.625887, 0.060690, 0.777549, -0.404088, -0.877950, -0.256743, 0.667067, -0.474891, 0.574021)
Left_Arm_k6.Parent = Root_k6

local Torso_k6 = Instance.new("Pose")
Torso_k6.Name = "Torso"
Torso_k6.CFrame = cf(0.001520, -0.026093, 0.002823, 0.999154, 0.003264, 0.040987, -0.003122, 0.999989, -0.003518, -0.040998, 0.003387, 0.999153)
Torso_k6.Parent = Root_k6

local Right_Leg_k6 = Instance.new("Pose")
Right_Leg_k6.Name = "Right Leg"
Right_Leg_k6.CFrame = cf(0.484235, 0.017736, -0.895434, -0.991128, -0.010065, 0.132528, 0.005938, 0.992779, 0.119809, -0.132777, 0.119533, -0.983912)
Right_Leg_k6.Parent = Root_k6

local Head_k6 = Instance.new("Pose")
Head_k6.Name = "Head"
Head_k6.CFrame = cf(0.003696, 0.516596, -0.992803, 0.999155, 0.007393, -0.040442, -0.007968, 0.999869, -0.014084, 0.040333, 0.014394, 0.999083)
Head_k6.Parent = Root_k6

-- Keyframe 7 (Time: 0.20335883647203445)
local keyframe7 = Instance.new("Keyframe")
keyframe7.Time = 0.20335883647203445
keyframe7.Parent = KeyframeSequence

local Root_k7 = Instance.new("Pose")
Root_k7.Name = "HumanoidRootPart"
Root_k7.CFrame = cf(0,0,0, 1,0,0, 0,1,0, 0,0,1)
Root_k7.Parent = keyframe7

local Left_Leg_k7 = Instance.new("Pose")
Left_Leg_k7.Name = "Left Leg"
Left_Leg_k7.CFrame = cf(-0.505231, 0.011587, -0.907567, -0.998329, 0.009649, -0.056973, 0.005573, 0.997441, 0.071282, 0.057515, 0.070846, -0.995828)
Left_Leg_k7.Parent = Root_k7

local Right_Arm_k7 = Instance.new("Pose")
Right_Arm_k7.Name = "Right Arm"
Right_Arm_k7.CFrame = cf(-0.177087, -1.171127, -0.186392, -0.491221, -0.209347, 0.845503, -0.788346, 0.519656, -0.329346, -0.370423, -0.828331, -0.420304)
Right_Arm_k7.Parent = Root_k7

local Left_Arm_k7 = Instance.new("Pose")
Left_Arm_k7.Name = "Left Arm"
Left_Arm_k7.CFrame = cf(0.263307, 0.664421, -0.493594, -0.540180, -0.008565, 0.841506, -0.412985, -0.868561, -0.273944, 0.733245, -0.495508, 0.465642)
Left_Arm_k7.Parent = Root_k7

local Torso_k7 = Instance.new("Pose")
Torso_k7.Name = "Torso"
Torso_k7.CFrame = cf(-0.000271, -0.019197, 0.005135, 0.999391, 0.003625, 0.034704, -0.003409, 0.999974, -0.006296, -0.034726, 0.006174, 0.999378)
Torso_k7.Parent = Root_k7

local Right_Leg_k7 = Instance.new("Pose")
Right_Leg_k7.Name = "Right Leg"
Right_Leg_k7.CFrame = cf(0.485322, 0.012459, -0.914292, -0.991944, -0.005730, 0.126544, 0.007236, 0.994782, 0.101763, -0.126467, 0.101859, -0.986727)
Right_Leg_k7.Parent = Root_k7

local Head_k7 = Instance.new("Pose")
Head_k7.Name = "Head"
Head_k7.CFrame = cf(0.004034, 0.516605, -0.993622, 0.999254, 0.008069, -0.037766, -0.008544, 0.999886, -0.012443, 0.037662, 0.012757, 0.999209)
Head_k7.Parent = Root_k7

-- Keyframe 8 (Time: 0.2323518767952919)
local keyframe8 = Instance.new("Keyframe")
keyframe8.Time = 0.2323518767952919
keyframe8.Parent = KeyframeSequence

local Root_k8 = Instance.new("Pose")
Root_k8.Name = "HumanoidRootPart"
Root_k8.CFrame = cf(0,0,0, 1,0,0, 0,1,0, 0,0,1)
Root_k8.Parent = keyframe8

local Left_Leg_k8 = Instance.new("Pose")
Left_Leg_k8.Name = "Left Leg"
Left_Leg_k8.CFrame = cf(-0.512224, -0.004411, -0.990305, -0.997040, 0.009592, -0.076289, 0.008866, 0.999912, 0.009841, 0.076377, 0.009135, -0.997037)
Left_Leg_k8.Parent = Root_k8

local Right_Arm_k8 = Instance.new("Pose")
Right_Arm_k8.Name = "Right Arm"
Right_Arm_k8.CFrame = cf(-0.519218, -1.162804, -0.323117, -0.447397, 0.175528, 0.876941, -0.729251, 0.496024, -0.471332, -0.517716, -0.850382, -0.093916)
Right_Arm_k8.Parent = Root_k8

local Left_Arm_k8 = Instance.new("Pose")
Left_Arm_k8.Name = "Left Arm"
Left_Arm_k8.CFrame = cf(0.419229, 0.520192, -0.640094, -0.241940, -0.224541, 0.943953, -0.450931, -0.835393, -0.314293, 0.859143, -0.501697, 0.100862)
Left_Arm_k8.Parent = Root_k8

local Torso_k8 = Instance.new("Pose")
Torso_k8.Name = "Torso"
Torso_k8.CFrame = cf(-0.005647, 0.001489, 0.012069, 0.999864, 0.004604, 0.015849, -0.004372, 0.999884, -0.014622, -0.015914, 0.014551, 0.999767)
Torso_k8.Parent = Root_k8

local Right_Leg_k8 = Instance.new("Pose")
Right_Leg_k8.Name = "Right Leg"
Right_Leg_k8.CFrame = cf(0.489097, -0.001728, -0.970461, -0.994118, 0.006622, 0.108102, 0.011818, 0.998802, 0.047495, -0.107658, 0.048494, -0.993005)
Right_Leg_k8.Parent = Root_k8

local Head_k8 = Instance.new("Pose")
Head_k8.Name = "Head"
Head_k8.CFrame = cf(0.005035, 0.516622, -0.996084, 0.999507, 0.010070, -0.029728, -0.010298, 0.999919, -0.007530, 0.029649, 0.007832, 0.999530)
Head_k8.Parent = Root_k8

-- Keyframe 9 (Time: 0.2601888719946146)
local keyframe9 = Instance.new("Keyframe")
keyframe9.Time = 0.2601888719946146
keyframe9.Parent = KeyframeSequence

local Root_k9 = Instance.new("Pose")
Root_k9.Name = "HumanoidRootPart"
Root_k9.CFrame = cf(0,0,0, 1,0,0, 0,1,0, 0,0,1)
Root_k9.Parent = keyframe9

local Left_Leg_k9 = Instance.new("Pose")
Left_Leg_k9.Name = "Left Leg"
Left_Leg_k9.CFrame = cf(-0.512224, -0.004411, -0.990305, -0.997040, 0.009592, -0.076289, 0.008866, 0.999912, 0.009841, 0.076377, 0.009135, -0.997037)
Left_Leg_k9.Parent = Root_k9

local Right_Arm_k9 = Instance.new("Pose")
Right_Arm_k9.Name = "Right Arm"
Right_Arm_k9.CFrame = cf(-0.519218, -1.162804, -0.323117, -0.447397, 0.175528, 0.876941, -0.729251, 0.496024, -0.471332, -0.517716, -0.850382, -0.093916)
Right_Arm_k9.Parent = Root_k9

local Left_Arm_k9 = Instance.new("Pose")
Left_Arm_k9.Name = "Left Arm"
Left_Arm_k9.CFrame = cf(0.419229, 0.520192, -0.640094, -0.241940, -0.224541, 0.943953, -0.450931, -0.835393, -0.314293, 0.859143, -0.501697, 0.100862)
Left_Arm_k9.Parent = Root_k9

local Torso_k9 = Instance.new("Pose")
Torso_k9.Name = "Torso"
Torso_k9.CFrame = cf(-0.005647, 0.001489, 0.012069, 0.999864, 0.004604, 0.015849, -0.004372, 0.999884, -0.014622, -0.015914, 0.014551, 0.999767)
Torso_k9.Parent = Root_k9

local Right_Leg_k9 = Instance.new("Pose")
Right_Leg_k9.Name = "Right Leg"
Right_Leg_k9.CFrame = cf(0.489097, -0.001728, -0.970461, -0.994118, 0.006622, 0.108102, 0.011818, 0.998802, 0.047495, -0.107658, 0.048494, -0.993005)
Right_Leg_k9.Parent = Root_k9

local Head_k9 = Instance.new("Pose")
Head_k9.Name = "Head"
Head_k9.CFrame = cf(0.005035, 0.516622, -0.996084, 0.999507, 0.010070, -0.029728, -0.010298, 0.999919, -0.007530, 0.029649, 0.007832, 0.999530)
Head_k9.Parent = Root_k9

-- Keyframe 10 (Time: 0.29313610680401325)
local keyframe10 = Instance.new("Keyframe")
keyframe10.Time = 0.29313610680401325
keyframe10.Parent = KeyframeSequence

local Root_k10 = Instance.new("Pose")
Root_k10.Name = "HumanoidRootPart"
Root_k10.CFrame = cf(0,0,0, 1,0,0, 0,1,0, 0,0,1)
Root_k10.Parent = keyframe10

local Left_Leg_k10 = Instance.new("Pose")
Left_Leg_k10.Name = "Left Leg"
Left_Leg_k10.CFrame = cf(-0.517135, -0.007023, -1.037923, -0.992985, 0.010168, -0.117802, 0.008271, 0.999828, 0.016583, 0.117950, 0.015492, -0.992899)
Left_Leg_k10.Parent = Root_k10

local Right_Arm_k10 = Instance.new("Pose")
Right_Arm_k10.Name = "Right Arm"
Right_Arm_k10.CFrame = cf(-0.935724, -0.761731, -0.691528, -0.241960, 0.859396, 0.450438, -0.784846, 0.099607, -0.611633, -0.570502, -0.501515, 0.650393)
Right_Arm_k10.Parent = Root_k10

local Left_Arm_k10 = Instance.new("Pose")
Left_Arm_k10.Name = "Left Arm"
Left_Arm_k10.CFrame = cf(0.634949, 0.202277, -0.710800, -0.026548, -0.664690, 0.746647, -0.743337, -0.486277, -0.459330, 0.668390, -0.567205, -0.481179)
Left_Arm_k10.Parent = Root_k10

local Torso_k10 = Instance.new("Pose")
Torso_k10.Name = "Torso"
Torso_k10.CFrame = cf(-0.009773, 0.021253, 0.025399, 0.999658, 0.004624, -0.025731, -0.005409, 0.999519, -0.030531, 0.025578, 0.030660, 0.999203)
Torso_k10.Parent = Root_k10

local Right_Leg_k10 = Instance.new("Pose")
Right_Leg_k10.Name = "Right Leg"
Right_Leg_k10.CFrame = cf(0.490523, -0.007274, -1.021433, -0.997718, 0.014181, 0.066008, 0.014548, 0.999881, 0.005080, -0.065928, 0.006028, -0.997806)
Right_Leg_k10.Parent = Root_k10

local Head_k10 = Instance.new("Pose")
Head_k10.Name = "Head"
Head_k10.CFrame = cf(0.004584, 0.516614, -1.005205, 0.999927, 0.009169, -0.007818, -0.009087, 0.999904, 0.010480, 0.007913, -0.010408, 0.999915)
Head_k10.Parent = Root_k10

-- Keyframe 11 (Time: 0.32109133526682854)
local keyframe11 = Instance.new("Keyframe")
keyframe11.Time = 0.32109133526682854
keyframe11.Parent = KeyframeSequence

local Root_k11 = Instance.new("Pose")
Root_k11.Name = "HumanoidRootPart"
Root_k11.CFrame = cf(0,0,0, 1,0,0, 0,1,0, 0,0,1)
Root_k11.Parent = keyframe11

local Left_Leg_k11 = Instance.new("Pose")
Left_Leg_k11.Name = "Left Leg"
Left_Leg_k11.CFrame = cf(-0.517787, -0.007404, -1.044732, -0.992265, 0.010272, -0.123716, 0.008163, 0.999813, 0.017544, 0.123873, 0.016398, -0.992163)
Left_Leg_k11.Parent = Root_k11

local Right_Arm_k11 = Instance.new("Pose")
Right_Arm_k11.Name = "Right Arm"
Right_Arm_k11.CFrame = cf(-0.974003, -0.706321, -0.759188, -0.214575, 0.912683, 0.347804, -0.798122, 0.041414, -0.601071, -0.562991, -0.406565, 0.719546)
Right_Arm_k11.Parent = Root_k11

local Left_Arm_k11 = Instance.new("Pose")
Left_Arm_k11.Name = "Left Arm"
Left_Arm_k11.CFrame = cf(0.668798, 0.150658, -0.727412, -0.011193, -0.718215, 0.695731, -0.780161, -0.428946, -0.455361, 0.625478, -0.547879, -0.555522)
Left_Arm_k11.Parent = Root_k11

local Torso_k11 = Instance.new("Pose")
Torso_k11.Name = "Torso"
Torso_k11.CFrame = cf(-0.010363, 0.024076, 0.027303, 0.999488, 0.004572, -0.031668, -0.005611, 0.999446, -0.032798, 0.031500, 0.032959, 0.998960)
Torso_k11.Parent = Root_k11

local Right_Leg_k11 = Instance.new("Pose")
Right_Leg_k11.Name = "Right Leg"
Right_Leg_k11.CFrame = cf(0.490801, -0.007989, -1.028688, -0.998086, 0.015114, 0.059959, 0.015083, 0.999886, -0.000971, -0.059966, -0.000065, -0.998200)
Right_Leg_k11.Parent = Root_k11

local Head_k11 = Instance.new("Pose")
Head_k11.Name = "Head"
Head_k11.CFrame = cf(0.004504, 0.516599, -1.006507, 0.999948, 0.009008, -0.004689, -0.008946, 0.999875, 0.013055, 0.004806, -0.013012, 0.999904)
Head_k11.Parent = Root_k11

-- Keyframe 12 (Time: 0.34931696392595768)
local keyframe12 = Instance.new("Keyframe")
keyframe12.Time = 0.34931696392595768
keyframe12.Parent = KeyframeSequence

local Root_k12 = Instance.new("Pose")
Root_k12.Name = "HumanoidRootPart"
Root_k12.CFrame = cf(0,0,0, 1,0,0, 0,1,0, 0,0,1)
Root_k12.Parent = keyframe12

local Left_Leg_k12 = Instance.new("Pose")
Left_Leg_k12.Name = "Left Leg"
Left_Leg_k12.CFrame = cf(-0.516961, -0.008953, -1.060342, -0.989656, 0.008855, -0.143186, 0.004187, 0.999451, 0.032871, 0.143398, 0.031931, -0.989150)
Left_Leg_k12.Parent = Root_k12

local Right_Arm_k12 = Instance.new("Pose")
Right_Arm_k12.Name = "Right Arm"
Right_Arm_k12.CFrame = cf(-1.024757, -0.392251, -0.811239, -0.344195, 0.927585, 0.145313, -0.790867, -0.203020, -0.577331, -0.506023, -0.313638, 0.803475)
Right_Arm_k12.Parent = Root_k12

local Left_Arm_k12 = Instance.new("Pose")
Left_Arm_k12.Name = "Left Arm"
Left_Arm_k12.CFrame = cf(0.820556, -0.174298, -0.803864, -0.143807, -0.918811, 0.367568, -0.910615, -0.022551, -0.412639, 0.387426, -0.394053, -0.833440)
Left_Arm_k12.Parent = Root_k12

local Torso_k12 = Instance.new("Pose")
Torso_k12.Name = "Torso"
Torso_k12.CFrame = cf(-0.010964, 0.027411, 0.019430, 0.998675, 0.002841, -0.051384, -0.004751, 0.999301, -0.037088, 0.051242, 0.037283, 0.997990)
Torso_k12.Parent = Root_k12

local Right_Leg_k12 = Instance.new("Pose")
Right_Leg_k12.Name = "Right Leg"
Right_Leg_k12.CFrame = cf(0.492170, -0.010223, -1.034216, -0.999101, 0.013280, 0.040270, 0.013474, 0.999899, 0.004553, -0.040206, 0.005091, -0.999178)
Right_Leg_k12.Parent = Root_k12

local Head_k12 = Instance.new("Pose")
Head_k12.Name = "Head"
Head_k12.CFrame = cf(0.004603, 0.516530, -1.010506, 0.999957, 0.009206, -0.001198, -0.009179, 0.999737, 0.021023, 0.001391, -0.021011, 0.999778)
Head_k12.Parent = Root_k12

-- Keyframe 13 (Time: 0.37934699468314648)
local keyframe13 = Instance.new("Keyframe")
keyframe13.Time = 0.37934699468314648
keyframe13.Parent = KeyframeSequence

local Root_k13 = Instance.new("Pose")
Root_k13.Name = "HumanoidRootPart"
Root_k13.CFrame = cf(0,0,0, 1,0,0, 0,1,0, 0,0,1)
Root_k13.Parent = keyframe13

local Left_Leg_k13 = Instance.new("Pose")
Left_Leg_k13.Name = "Left Leg"
Left_Leg_k13.CFrame = cf(-0.516519, -0.009835, -1.069745, -0.987904, 0.008152, -0.154852, 0.001657, 0.999115, 0.042025, 0.155057, 0.041260, -0.987043)
Left_Leg_k13.Parent = Root_k13

local Right_Arm_k13 = Instance.new("Pose")
Right_Arm_k13.Name = "Right Arm"
Right_Arm_k13.CFrame = cf(-1.040073, -0.198658, -0.851574, -0.421961, 0.906259, 0.025360, -0.770005, -0.343474, -0.537697, -0.478582, -0.246415, 0.842757)
Right_Arm_k13.Parent = Root_k13

local Left_Arm_k13 = Instance.new("Pose")
Left_Arm_k13.Name = "Left Arm"
Left_Arm_k13.CFrame = cf(0.888593, -0.392729, -0.891744, -0.265499, -0.951010, 0.158400, -0.929929, 0.209245, -0.302405, 0.254446, -0.227589, -0.939926)
Left_Arm_k13.Parent = Root_k13

local Torso_k13 = Instance.new("Pose")
Torso_k13.Name = "Torso"
Torso_k13.CFrame = cf(-0.011324, 0.029413, 0.014706, 0.997999, 0.001762, -0.063201, -0.004276, 0.999204, -0.039669, 0.063080, 0.039860, 0.997212)
Torso_k13.Parent = Root_k13

local Right_Leg_k13 = Instance.new("Pose")
Right_Leg_k13.Name = "Right Leg"
Right_Leg_k13.CFrame = cf(0.492849, -0.011522, -1.037552, -0.999521, 0.012228, 0.028444, 0.012455, 0.999892, 0.007851, -0.028345, 0.008202, -0.999565)
Right_Leg_k13.Parent = Root_k13

local Head_k13 = Instance.new("Pose")
Head_k13.Name = "Head"
Head_k13.CFrame = cf(0.004656, 0.516474, -1.012905, 0.999956, 0.009311, 0.000897, -0.009331, 0.999624, 0.025802, -0.000656, -0.025810, 0.999667)
Head_k13.Parent = Root_k13

-- Keyframe 14 (Time: 0.40937702544033527)
local keyframe14 = Instance.new("Keyframe")
keyframe14.Time = 0.40937702544033527
keyframe14.Parent = KeyframeSequence

local Root_k14 = Instance.new("Pose")
Root_k14.Name = "HumanoidRootPart"
Root_k14.CFrame = cf(0,0,0, 1,0,0, 0,1,0, 0,0,1)
Root_k14.Parent = keyframe14

local Left_Leg_k14 = Instance.new("Pose")
Left_Leg_k14.Name = "Left Leg"
Left_Leg_k14.CFrame = cf(-0.513769, -0.011472, -1.068841, -0.988064, 0.005415, -0.153948, -0.000834, 0.999179, 0.040499, 0.154041, 0.040144, -0.987249)
Left_Leg_k14.Parent = Root_k14

local Right_Arm_k14 = Instance.new("Pose")
Right_Arm_k14.Name = "Right Arm"
Right_Arm_k14.CFrame = cf(-1.013955, -0.038012, -0.836718, -0.543488, 0.835768, -0.078181, -0.695678, -0.500585, -0.515216, -0.469737, -0.225625, 0.853487)
Right_Arm_k14.Parent = Root_k14

local Left_Arm_k14 = Instance.new("Pose")
Left_Arm_k14.Name = "Left Arm"
Left_Arm_k14.CFrame = cf(0.884894, -0.539055, -0.940513, -0.394080, -0.916508, 0.068660, -0.872556, 0.349621, -0.341191, 0.288700, -0.194366, -0.937483)
Left_Arm_k14.Parent = Root_k14

local Torso_k14 = Instance.new("Pose")
Torso_k14.Name = "Torso"
Torso_k14.CFrame = cf(-0.011487, 0.025527, 0.009250, 0.998060, -0.000050, -0.062258, -0.002271, 0.999305, -0.037208, 0.062216, 0.037278, 0.997366)
Torso_k14.Parent = Root_k14

local Right_Leg_k14 = Instance.new("Pose")
Right_Leg_k14.Name = "Right Leg"
Right_Leg_k14.CFrame = cf(0.495658, -0.013113, -1.036977, -0.999521, 0.009451, 0.029465, 0.009666, 0.999928, 0.007174, -0.029395, 0.007455, -0.999540)
Right_Leg_k14.Parent = Root_k14

local Head_k14 = Instance.new("Pose")
Head_k14.Name = "Head"
Head_k14.CFrame = cf(0.005384, 0.516457, -1.013268, 0.999903, 0.010767, -0.008824, -0.010529, 0.999590, 0.026630, 0.009107, -0.026535, 0.999606)
Head_k14.Parent = Root_k14

-- Keyframe 15 (Time: 0.43940705619752407)
local keyframe15 = Instance.new("Keyframe")
keyframe15.Time = 0.43940705619752407
keyframe15.Parent = KeyframeSequence

local Root_k15 = Instance.new("Pose")
Root_k15.Name = "HumanoidRootPart"
Root_k15.CFrame = cf(0,0,0, 1,0,0, 0,1,0, 0,0,1)
Root_k15.Parent = keyframe15

local Left_Leg_k15 = Instance.new("Pose")
Left_Leg_k15.Name = "Left Leg"
Left_Leg_k15.CFrame = cf(-0.509180, -0.014182, -1.067326, -0.988313, 0.000858, -0.152434, -0.004988, 0.999267, 0.037962, 0.152355, 0.038278, -0.987584)
Left_Leg_k15.Parent = Root_k15

local Right_Arm_k15 = Instance.new("Pose")
Right_Arm_k15.Name = "Right Arm"
Right_Arm_k15.CFrame = cf(-0.924623, 0.233956, -0.817813, -0.712178, 0.660535, -0.237692, -0.528109, -0.727194, -0.438508, -0.462498, -0.186769, 0.866726)
Right_Arm_k15.Parent = Root_k15

local Left_Arm_k15 = Instance.new("Pose")
Left_Arm_k15.Name = "Left Arm"
Left_Arm_k15.CFrame = cf(0.839904, -0.796867, -1.019959, -0.580550, -0.809183, -0.090467, -0.733441, 0.567963, -0.373474, 0.353590, -0.150468, -0.923219)
Left_Arm_k15.Parent = Root_k15

local Torso_k15 = Instance.new("Pose")
Torso_k15.Name = "Torso"
Torso_k15.CFrame = cf(-0.011759, 0.019050, 0.000155, 0.998151, -0.003075, -0.060697, 0.001066, 0.999451, -0.033103, 0.060766, 0.032977, 0.997607)
Torso_k15.Parent = Root_k15

local Right_Leg_k15 = Instance.new("Pose")
Right_Leg_k15.Name = "Right Leg"
Right_Leg_k15.CFrame = cf(0.500330, -0.015745, -1.036015, -0.999502, 0.004824, 0.031171, 0.005015, 0.999969, 0.006051, -0.031141, 0.006204, -0.999496)
Right_Leg_k15.Parent = Root_k15

local Head_k15 = Instance.new("Pose")
Head_k15.Name = "Head"
Head_k15.CFrame = cf(0.006605, 0.516426, -1.013857, 0.999600, 0.013211, -0.025021, -0.012508, 0.999529, 0.028038, 0.025380, -0.027714, 0.999294)
Head_k15.Parent = Root_k15

-- Keyframe 16 (Time: 0.46711349301040173)
local keyframe16 = Instance.new("Keyframe")
keyframe16.Time = 0.46711349301040173
keyframe16.Parent = KeyframeSequence

local Root_k16 = Instance.new("Pose")
Root_k16.Name = "HumanoidRootPart"
Root_k16.CFrame = cf(0,0,0, 1,0,0, 0,1,0, 0,0,1)
Root_k16.Parent = keyframe16

local Left_Leg_k16 = Instance.new("Pose")
Left_Leg_k16.Name = "Left Leg"
Left_Leg_k16.CFrame = cf(-0.506326, -0.013748, -1.050923, -0.988761, 0.001763, -0.149494, -0.005786, 0.998730, 0.050043, 0.149392, 0.050346, -0.987495)
Left_Leg_k16.Parent = Root_k16

local Right_Arm_k16 = Instance.new("Pose")
Right_Arm_k16.Name = "Right Arm"
Right_Arm_k16.CFrame = cf(-0.899343, 0.272617, -0.815509, -0.742494, 0.614998, -0.265482, -0.482220, -0.765829, -0.425406, -0.464937, -0.187840, 0.865187)
Right_Arm_k16.Parent = Root_k16

local Left_Arm_k16 = Instance.new("Pose")
Left_Arm_k16.Name = "Left Arm"
Left_Arm_k16.CFrame = cf(0.824686, -0.852155, -0.997745, -0.639273, -0.763569, -0.091063, -0.669691, 0.611016, -0.422106, 0.377947, -0.208857, -0.901961)
Left_Arm_k16.Parent = Root_k16

local Torso_k16 = Instance.new("Pose")
Torso_k16.Name = "Torso"
Torso_k16.CFrame = cf(-0.011615, 0.016506, -0.000450, 0.998329, -0.003648, -0.057673, 0.001831, 0.999501, -0.031525, 0.057759, 0.031367, 0.997838)
Torso_k16.Parent = Root_k16

local Right_Leg_k16 = Instance.new("Pose")
Right_Leg_k16.Name = "Right Leg"
Right_Leg_k16.CFrame = cf(0.500736, -0.015340, -1.023137, -0.999410, 0.003161, 0.034201, 0.003766, 0.999838, 0.017625, -0.034140, 0.017743, -0.999260)
Right_Leg_k16.Parent = Root_k16

local Head_k16 = Instance.new("Pose")
Head_k16.Name = "Head"
Head_k16.CFrame = cf(0.006945, 0.516425, -1.013718, 0.999456, 0.013890, -0.029900, -0.013058, 0.999527, 0.027840, 0.030273, -0.027435, 0.999165)
Head_k16.Parent = Root_k16

-- Keyframe 17 (Time: 0.49606607854366302)
local keyframe17 = Instance.new("Keyframe")
keyframe17.Time = 0.49606607854366302
keyframe17.Parent = KeyframeSequence

local Root_k17 = Instance.new("Pose")
Root_k17.Name = "HumanoidRootPart"
Root_k17.CFrame = cf(0,0,0, 1,0,0, 0,1,0, 0,0,1)
Root_k17.Parent = keyframe17

local Left_Leg_k17 = Instance.new("Pose")
Left_Leg_k17.Name = "Left Leg"
Left_Leg_k17.CFrame = cf(-0.485223, -0.006102, -0.936031, -0.991672, 0.007083, -0.128593, -0.010349, 0.990874, 0.134392, 0.128371, 0.134604, -0.982549)
Left_Leg_k17.Parent = Root_k17

local Right_Arm_k17 = Instance.new("Pose")
Right_Arm_k17.Name = "Right Arm"
Right_Arm_k17.CFrame = cf(-0.651635, 0.521264, -0.795741, -0.869593, 0.239860, -0.431596, -0.118703, -0.950003, -0.288798, -0.479288, -0.199906, 0.854588)
Right_Arm_k17.Parent = Root_k17

local Left_Arm_k17 = Instance.new("Pose")
Left_Arm_k17.Name = "Left Arm"
Left_Arm_k17.CFrame = cf(0.599523, -1.195331, -0.756813, -0.918265, -0.339063, -0.204512, -0.104626, 0.705897, -0.700544, 0.381893, -0.621888, -0.683676)
Left_Arm_k17.Parent = Root_k17

local Torso_k17 = Instance.new("Pose")
Torso_k17.Name = "Torso"
Torso_k17.CFrame = cf(-0.010611, -0.001303, -0.004685, 0.999303, -0.007793, -0.036516, 0.007051, 0.999767, -0.020416, 0.036666, 0.020144, 0.999124)
Torso_k17.Parent = Root_k17

local Right_Leg_k17 = Instance.new("Pose")
Right_Leg_k17.Name = "Right Leg"
Right_Leg_k17.CFrame = cf(0.504392, -0.009197, -0.932529, -0.998451, -0.009445, 0.054823, -0.003999, 0.995119, 0.098603, -0.055487, 0.098231, -0.993616)
Right_Leg_k17.Parent = Root_k17

local Head_k17 = Instance.new("Pose")
Head_k17.Name = "Head"
Head_k17.CFrame = cf(0.009303, 0.516414, -1.012697, 0.997774, 0.018606, -0.064035, -0.016935, 0.999504, 0.026537, 0.064497, -0.025393, 0.997595)
Head_k17.Parent = Root_k17

-- Keyframe 18 (Time: 0.52501866407692432)
local keyframe18 = Instance.new("Keyframe")
keyframe18.Time = 0.52501866407692432
keyframe18.Parent = KeyframeSequence

local Root_k18 = Instance.new("Pose")
Root_k18.Name = "HumanoidRootPart"
Root_k18.CFrame = cf(0,0,0, 1,0,0, 0,1,0, 0,0,1)
Root_k18.Parent = keyframe18

local Left_Leg_k18 = Instance.new("Pose")
Left_Leg_k18.Name = "Left Leg"
Left_Leg_k18.CFrame = cf(-0.485223, -0.006102, -0.936031, -0.991672, 0.007083, -0.128593, -0.010349, 0.990874, 0.134392, 0.128371, 0.134604, -0.982549)
Left_Leg_k18.Parent = Root_k18

local Right_Arm_k18 = Instance.new("Pose")
Right_Arm_k18.Name = "Right Arm"
Right_Arm_k18.CFrame = cf(-0.651635, 0.521264, -0.795741, -0.869593, 0.239860, -0.431596, -0.118703, -0.950003, -0.288798, -0.479288, -0.199906, 0.854588)
Right_Arm_k18.Parent = Root_k18

local Left_Arm_k18 = Instance.new("Pose")
Left_Arm_k18.Name = "Left Arm"
Left_Arm_k18.CFrame = cf(0.599523, -1.195331, -0.756813, -0.918265, -0.339063, -0.204512, -0.104626, 0.705897, -0.700544, 0.381893, -0.621888, -0.683676)
Left_Arm_k18.Parent = Root_k18

local Torso_k18 = Instance.new("Pose")
Torso_k18.Name = "Torso"
Torso_k18.CFrame = cf(-0.010611, -0.001303, -0.004685, 0.999303, -0.007793, -0.036516, 0.007051, 0.999767, -0.020416, 0.036666, 0.020144, 0.999124)
Torso_k18.Parent = Root_k18

local Right_Leg_k18 = Instance.new("Pose")
Right_Leg_k18.Name = "Right Leg"
Right_Leg_k18.CFrame = cf(0.504392, -0.009197, -0.932529, -0.998451, -0.009445, 0.054823, -0.003999, 0.995119, 0.098603, -0.055487, 0.098231, -0.993616)
Right_Leg_k18.Parent = Root_k18

local Head_k18 = Instance.new("Pose")
Head_k18.Name = "Head"
Head_k18.CFrame = cf(0.009303, 0.516414, -1.012697, 0.997774, 0.018606, -0.064035, -0.016935, 0.999504, 0.026537, 0.064497, -0.025393, 0.997595)
Head_k18.Parent = Root_k18

-- Keyframe 19 (Time: 0.55331027694046497)
local keyframe19 = Instance.new("Keyframe")
keyframe19.Time = 0.55331027694046497
keyframe19.Parent = KeyframeSequence

local Root_k19 = Instance.new("Pose")
Root_k19.Name = "HumanoidRootPart"
Root_k19.CFrame = cf(0,0,0, 1,0,0, 0,1,0, 0,0,1)
Root_k19.Parent = keyframe19

local Left_Leg_k19 = Instance.new("Pose")
Left_Leg_k19.Name = "Left Leg"
Left_Leg_k19.CFrame = cf(-0.478543, 0.007754, -0.878865, -0.993997, 0.005005, -0.109293, -0.012908, 0.986613, 0.162570, 0.108644, 0.163005, -0.980625)
Left_Leg_k19.Parent = Root_k19

local Right_Arm_k19 = Instance.new("Pose")
Right_Arm_k19.Name = "Right Arm"
Right_Arm_k19.CFrame = cf(-0.499393, 0.587428, -0.763086, -0.895765, -0.022976, -0.443934, 0.173635, -0.937412, -0.301843, -0.409214, -0.347462, 0.843690)
Right_Arm_k19.Parent = Root_k19

local Left_Arm_k19 = Instance.new("Pose")
Left_Arm_k19.Name = "Left Arm"
Left_Arm_k19.CFrame = cf(0.115021, -1.324437, -0.310914, -0.861972, 0.383994, -0.330987, 0.469600, 0.358816, -0.806676, -0.190996, -0.850764, -0.489613)
Left_Arm_k19.Parent = Root_k19

local Torso_k19 = Instance.new("Pose")
Torso_k19.Name = "Torso"
Torso_k19.CFrame = cf(-0.007632, -0.019546, -0.005080, 0.999817, -0.009407, -0.016664, 0.009193, 0.999875, -0.012852, 0.016782, 0.012696, 0.999779)
Torso_k19.Parent = Root_k19

local Right_Leg_k19 = Instance.new("Pose")
Right_Leg_k19.Name = "Right Leg"
Right_Leg_k19.CFrame = cf(0.503596, 0.002145, -0.885309, -0.997117, -0.019236, 0.073397, -0.008905, 0.990314, 0.138561, -0.075351, 0.137508, -0.987630)
Right_Leg_k19.Parent = Root_k19

local Head_k19 = Instance.new("Pose")
Head_k19.Name = "Head"
Head_k19.CFrame = cf(0.017082, 0.516205, -1.012858, 0.995515, 0.034164, -0.088225, -0.031748, 0.999085, 0.028644, 0.089123, -0.025715, 0.995689)
Head_k19.Parent = Root_k19

-- Keyframe 20 (Time: 0.58135196939110756)
local keyframe20 = Instance.new("Keyframe")
keyframe20.Time = 0.58135196939110756
keyframe20.Parent = KeyframeSequence

local Root_k20 = Instance.new("Pose")
Root_k20.Name = "HumanoidRootPart"
Root_k20.CFrame = cf(0,0,0, 1,0,0, 0,1,0, 0,0,1)
Root_k20.Parent = keyframe20

local Left_Leg_k20 = Instance.new("Pose")
Left_Leg_k20.Name = "Left Leg"
Left_Leg_k20.CFrame = cf(-0.476149, 0.012615, -0.859783, -0.994686, 0.004188, -0.102865, -0.013635, 0.985012, 0.171944, 0.102043, 0.172433, -0.979721)
Left_Leg_k20.Parent = Root_k20

local Right_Arm_k20 = Instance.new("Pose")
Right_Arm_k20.Name = "Right Arm"
Right_Arm_k20.CFrame = cf(-0.439807, 0.598366, -0.750350, -0.886735, -0.110512, -0.448875, 0.268304, -0.913757, -0.305060, -0.376450, -0.390942, 0.839911)
Right_Arm_k20.Parent = Root_k20

local Left_Arm_k20 = Instance.new("Pose")
Left_Arm_k20.Name = "Left Arm"
Left_Arm_k20.CFrame = cf(-0.081858, -1.280486, -0.215720, -0.717720, 0.570283, -0.399569, 0.572842, 0.157318, -0.804427, -0.395892, -0.806243, -0.439592)
Left_Arm_k20.Parent = Root_k20

local Torso_k20 = Instance.new("Pose")
Torso_k20.Name = "Torso"
Torso_k20.CFrame = cf(-0.006640, -0.025627, -0.005212, 0.999900, -0.009978, -0.010048, 0.009874, 0.999898, -0.010321, 0.010150, 0.010221, 0.999896)
Torso_k20.Parent = Root_k20

local Right_Leg_k20 = Instance.new("Pose")
Right_Leg_k20.Name = "Right Leg"
Right_Leg_k20.CFrame = cf(0.503446, 0.006199, -0.869460, -0.996578, -0.022661, 0.079492, -0.010361, 0.988349, 0.151852, -0.082007, 0.150508, -0.985202)
Right_Leg_k20.Parent = Root_k20

local Head_k20 = Instance.new("Pose")
Head_k20.Name = "Head"
Head_k20.CFrame = cf(0.019675, 0.516109, -1.012869, 0.994577, 0.039350, -0.096268, -0.036672, 0.998894, 0.029427, 0.097320, -0.025737, 0.994920)
Head_k20.Parent = Root_k20

-- Keyframe 21 (Time: 0.61039515025913715)
local keyframe21 = Instance.new("Keyframe")
keyframe21.Time = 0.61039515025913715
keyframe21.Parent = KeyframeSequence

local Root_k21 = Instance.new("Pose")
Root_k21.Name = "HumanoidRootPart"
Root_k21.CFrame = cf(0,0,0, 1,0,0, 0,1,0, 0,0,1)
Root_k21.Parent = keyframe21

local Left_Leg_k21 = Instance.new("Pose")
Left_Leg_k21.Name = "Left Leg"
Left_Leg_k21.CFrame = cf(-0.476357, 0.017981, -0.844222, -0.995225, 0.004874, -0.097486, -0.012966, 0.983299, 0.181538, 0.096742, 0.181935, -0.978540)
Left_Leg_k21.Parent = Root_k21

local Right_Arm_k21 = Instance.new("Pose")
Right_Arm_k21.Name = "Right Arm"
Right_Arm_k21.CFrame = cf(-0.383776, 0.585405, -0.713879, -0.873372, -0.207037, -0.440860, 0.375362, -0.862904, -0.338379, -0.310363, -0.461013, 0.831349)
Right_Arm_k21.Parent = Root_k21

local Left_Arm_k21 = Instance.new("Pose")
Left_Arm_k21.Name = "Left Arm"
Left_Arm_k21.CFrame = cf(-0.263598, -1.215411, -0.153302, -0.535985, 0.704502, -0.465185, 0.621625, -0.043495, -0.782107, -0.571229, -0.708368, -0.414623)
Left_Arm_k21.Parent = Root_k21

local Torso_k21 = Instance.new("Pose")
Torso_k21.Name = "Torso"
Torso_k21.CFrame = cf(-0.003521, -0.033632, -0.004596, 0.999951, -0.008653, -0.004784, 0.008610, 0.999922, -0.008998, 0.004862, 0.008956, 0.999948)
Torso_k21.Parent = Root_k21

local Right_Leg_k21 = Instance.new("Pose")
Right_Leg_k21.Name = "Right Leg"
Right_Leg_k21.CFrame = cf(0.500860, 0.011863, -0.854170, -0.996129, -0.024578, 0.084393, -0.010162, 0.985876, 0.167170, -0.087310, 0.165665, -0.982310)
Right_Leg_k21.Parent = Root_k21

local Head_k21 = Instance.new("Pose")
Head_k21.Name = "Head"
Head_k21.CFrame = cf(0.025421, 0.515832, -1.013548, 0.993463, 0.050842, -0.102208, -0.047780, 0.998339, 0.032190, 0.103675, -0.027096, 0.994242)
Head_k21.Parent = Root_k21

-- Keyframe 22 (Time: 0.63943833112716675)
local keyframe22 = Instance.new("Keyframe")
keyframe22.Time = 0.63943833112716675
keyframe22.Parent = KeyframeSequence

local Root_k22 = Instance.new("Pose")
Root_k22.Name = "HumanoidRootPart"
Root_k22.CFrame = cf(0,0,0, 1,0,0, 0,1,0, 0,0,1)
Root_k22.Parent = keyframe22

local Left_Leg_k22 = Instance.new("Pose")
Left_Leg_k22.Name = "Left Leg"
Left_Leg_k22.CFrame = cf(-0.476556, 0.027188, -0.818252, -0.996059, 0.005903, -0.088500, -0.011737, 0.980237, 0.197480, 0.087917, 0.197741, -0.976304)
Left_Leg_k22.Parent = Root_k22

local Right_Arm_k22 = Instance.new("Pose")
Right_Arm_k22.Name = "Right Arm"
Right_Arm_k22.CFrame = cf(-0.279795, 0.539395, -0.654702, -0.824319, -0.362323, -0.434994, 0.535843, -0.747282, -0.392990, -0.182674, -0.557038, 0.810148)
Right_Arm_k22.Parent = Root_k22

local Left_Arm_k22 = Instance.new("Pose")
Left_Arm_k22.Name = "Left Arm"
Left_Arm_k22.CFrame = cf(-0.535697, -1.045964, -0.129610, -0.171260, 0.804766, -0.568350, 0.584285, -0.381518, -0.716279, -0.793272, -0.454749, -0.404874)
Left_Arm_k22.Parent = Root_k22

local Torso_k22 = Instance.new("Pose")
Torso_k22.Name = "Torso"
Torso_k22.CFrame = cf(0.001675, -0.046973, -0.003568, 0.999971, -0.006460, 0.003993, 0.006487, 0.999956, -0.006806, -0.003948, 0.006832, 0.999969)
Torso_k22.Parent = Root_k22

local Right_Leg_k22 = Instance.new("Pose")
Right_Leg_k22.Name = "Right Leg"
Right_Leg_k22.CFrame = cf(0.496687, 0.021736, -0.828580, -0.995322, -0.027940, 0.092488, -0.009647, 0.981229, 0.192607, -0.096133, 0.190814, -0.976908)
Right_Leg_k22.Parent = Root_k22

local Head_k22 = Instance.new("Pose")
Head_k22.Name = "Head"
Head_k22.CFrame = cf(0.034999, 0.515222, -1.014598, 0.991237, 0.069998, -0.112026, -0.066239, 0.997120, 0.036941, 0.114289, -0.029197, 0.993018)
