local KeyframeSequence = Instance.new("KeyframeSequence")
local cf=CFrame.new

local kf=Instance.new('Keyframe')
kf.Time=0
kf.Parent=KeyframeSequence
local root=Instance.new('Pose')
root.Name="HumanoidRootPart"
root.CFrame=cf(0.000000,0.000000,0.000000,1.000000,0.000000,0.000000,0.000000,1.000000,0.000000,0.000000,0.000000,1.000000)
root.Parent=kf
local torso=Instance.new('Pose')
torso.Name="Torso"
torso.CFrame=cf(0.000000,0.000000,0.000000,1.000000,0.000000,0.000000,0.000000,1.000000,0.000000,0.000000,0.000000,1.000000)
torso.Parent=root
local p=Instance.new('Pose')
p.Name="Left Leg"
p.CFrame=cf(0.000000,0.000000,0.000000,1.000000,0.000000,0.000000,0.000000,1.000000,0.000000,0.000000,0.000000,1.000000)
p.Parent=torso
local p=Instance.new('Pose')
p.Name="Right Leg"
p.CFrame=cf(0.000000,0.000000,0.000000,1.000000,0.000000,0.000000,0.000000,1.000000,0.000000,0.000000,0.000000,1.000000)
p.Parent=torso
local p=Instance.new('Pose')
p.Name="Left Arm"
p.CFrame=cf(0.000000,0.000000,0.000000,1.000000,0.000000,0.000000,0.000000,1.000000,0.000000,0.000000,0.000000,1.000000)
p.Parent=torso
local p=Instance.new('Pose')
p.Name="Right Arm"
p.CFrame=cf(0.000000,0.000000,0.000000,1.000000,0.000000,0.000000,0.000000,1.000000,0.000000,0.000000,0.000000,1.000000)
p.Parent=torso
local p=Instance.new('Pose')
p.Name="Head"
p.CFrame=cf(0.000000,0.000000,0.000000,1.000000,0.000000,0.000000,0.000000,1.000000,0.000000,0.000000,0.000000,1.000000)
p.Parent=torso
local kf=Instance.new('Keyframe')
kf.Time=0
kf.Parent=KeyframeSequence
local root=Instance.new('Pose')
root.Name="HumanoidRootPart"
root.CFrame=cf(0.000000,0.000000,0.000000,1.000000,0.000000,0.000000,0.000000,1.000000,0.000000,0.000000,0.000000,1.000000)
root.Parent=kf
local torso=Instance.new('Pose')
torso.Name="Torso"
torso.CFrame=cf(0.000000,0.000000,0.000000,1.000000,0.000000,0.000000,0.000000,1.000000,0.000000,0.000000,0.000000,1.000000)
torso.Parent=root
local p=Instance.new('Pose')
p.Name="Left Leg"
p.CFrame=cf(0.000000,0.000000,0.000000,1.000000,0.000000,0.000000,0.000000,1.000000,0.000000,0.000000,0.000000,1.000000)
p.Parent=torso
local p=Instance.new('Pose')
p.Name="Right Leg"
p.CFrame=cf(0.000000,0.000000,0.000000,1.000000,0.000000,0.000000,0.000000,1.000000,0.000000,0.000000,0.000000,1.000000)
p.Parent=torso
local p=Instance.new('Pose')
p.Name="Left Arm"
p.CFrame=cf(0.000000,0.000000,0.000000,1.000000,0.000000,0.000000,0.000000,1.000000,0.000000,0.000000,0.000000,1.000000)
p.Parent=torso
local p=Instance.new('Pose')
p.Name="Right Arm"
p.CFrame=cf(0.000000,0.000000,0.000000,1.000000,0.000000,0.000000,0.000000,1.000000,0.000000,0.000000,0.000000,1.000000)
p.Parent=torso
local p=Instance.new('Pose')
p.Name="Head"
p.CFrame=cf(0.000000,0.000000,0.000000,1.000000,0.000000,0.000000,0.000000,1.000000,0.000000,0.000000,0.000000,1.000000)
p.Parent=torso
local kf=Instance.new('Keyframe')
kf.Time=0.02083333395421505
kf.Parent=KeyframeSequence
local root=Instance.new('Pose')
root.Name="HumanoidRootPart"
root.CFrame=cf(0.000000,0.000000,0.000000,1.000000,-0.000000,0.000000,0.000000,1.000000,0.000000,0.000000,-0.000000,1.000000)
root.Parent=kf
local torso=Instance.new('Pose')
torso.Name="Torso"
torso.CFrame=cf(-0.006174,0.014768,-0.051441,0.999995,0.002435,-0.002050,-0.002398,0.999836,0.017956,0.002093,-0.017951,0.999837)
torso.Parent=root
local p=Instance.new('Pose')
p.Name="Left Leg"
p.CFrame=cf(-0.253694,0.020729,0.022142,0.981744,-0.165125,0.094402,0.165679,0.986178,0.001996,-0.093426,0.013681,0.995532)
p.Parent=torso
local p=Instance.new('Pose')
p.Name="Right Leg"
p.CFrame=cf(0.262994,0.021826,0.021567,0.981791,0.167461,-0.089684,-0.167987,0.985788,0.001706,0.088695,0.013391,0.995969)
p.Parent=torso
local p=Instance.new('Pose')
p.Name="Left Arm"
p.CFrame=cf(-0.687882,0.564592,-0.547328,-0.904485,0.416901,-0.090003,-0.416901,-0.819677,0.392841,0.090003,0.392841,0.915192)
p.Parent=torso
local p=Instance.new('Pose')
p.Name="Right Arm"
p.CFrame=cf(0.643740,0.139751,-0.190788,0.572543,-0.800260,-0.178264,0.285807,0.398603,-0.871453,0.768446,0.447995,0.456937)
p.Parent=torso
local p=Instance.new('Pose')
p.Name="Head"
p.CFrame=cf(0.000000,-0.000001,0.016662,0.999928,-0.011903,0.001291,0.011920,0.999834,-0.013803,-0.001126,0.013817,0.999904)
p.Parent=torso
local kf=Instance.new('Keyframe')
kf.Time=0.03750000149011612
kf.Parent=KeyframeSequence
local root=Instance.new('Pose')
root.Name="HumanoidRootPart"
root.CFrame=cf(0.000000,0.000000,0.000000,1.000000,0.000000,0.000000,-0.000000,1.000000,-0.000000,0.000000,0.000000,1.000000)
root.Parent=kf
local torso=Instance.new('Pose')
torso.Name="Torso"
torso.CFrame=cf(-0.006081,0.014020,-0.050623,0.999998,-0.000273,-0.002106,0.000309,0.999855,0.017047,0.002101,-0.017047,0.999852)
torso.Parent=root
local p=Instance.new('Pose')
p.Name="Left Leg"
p.CFrame=cf(-0.252546,0.020693,0.021259,0.982497,-0.162140,0.091711,0.162673,0.986679,0.001684,-0.090762,0.013264,0.995784)
p.Parent=torso
local p=Instance.new('Pose')
p.Name="Right Leg"
p.CFrame=cf(0.259164,0.021588,0.021994,0.981805,0.165907,-0.092379,-0.166452,0.986048,0.001830,0.091394,0.013580,0.995722)
p.Parent=torso
local p=Instance.new('Pose')
p.Name="Left Arm"
p.CFrame=cf(-0.687322,0.572630,-0.526007,-0.903289,0.425956,-0.051283,-0.409712,-0.820962,0.397689,0.127297,0.380240,0.916086)
p.Parent=torso
local p=Instance.new('Pose')
p.Name="Right Arm"
p.CFrame=cf(0.641576,0.137739,-0.185778,0.575600,-0.796957,-0.183152,0.282734,0.404122,-0.869912,0.767298,0.448938,0.457940)
p.Parent=torso
local p=Instance.new('Pose')
p.Name="Head"
p.CFrame=cf(0.000000,-0.000000,0.016662,0.999959,-0.008961,0.000864,0.008971,0.999884,-0.012307,-0.000754,0.012314,0.999924)
p.Parent=torso
local kf=Instance.new('Keyframe')
kf.Time=0.05833333730697632
kf.Parent=KeyframeSequence
local root=Instance.new('Pose')
root.Name="HumanoidRootPart"
root.CFrame=cf(0.000000,0.000000,0.000000,1.000000,0.000000,0.000000,-0.000000,1.000000,-0.000000,0.000000,0.000000,1.000000)
root.Parent=kf
local torso=Instance.new('Pose')
torso.Name="Torso"
torso.CFrame=cf(-0.005616,0.010277,-0.046531,0.999902,-0.013818,-0.002352,0.013846,0.999826,0.012500,0.002179,-0.012531,0.999919)
torso.Parent=root
local p=Instance.new('Pose')
p.Name="Left Leg"
p.CFrame=cf(-0.246808,0.020511,0.016845,0.986012,-0.147175,0.078235,0.147608,0.989046,0.000249,-0.077414,0.011302,0.996935)
p.Parent=torso
local p=Instance.new('Pose')
p.Name="Right Leg"
p.CFrame=cf(0.240012,0.020400,0.024128,0.981730,0.158123,-0.105847,-0.158765,0.987314,0.002388,0.104882,0.014460,0.994380)
p.Parent=torso
local p=Instance.new('Pose')
p.Name="Left Arm"
p.CFrame=cf(-0.684520,0.612821,-0.419404,-0.874595,0.463460,0.142439,-0.371428,-0.829260,0.417576,0.311648,0.312304,0.897408)
p.Parent=torso
local p=Instance.new('Pose')
p.Name="Right Arm"
p.CFrame=cf(0.630757,0.127677,-0.160731,0.590557,-0.779886,-0.207414,0.267066,0.431410,-0.861720,0.761523,0.453502,0.463053)
p.Parent=torso
local p=Instance.new('Pose')
p.Name="Head"
p.CFrame=cf(0.000000,-0.000000,0.016662,0.999983,0.005759,-0.001201,-0.005765,0.999972,-0.004809,0.001173,0.004816,0.999988)
p.Parent=torso
local kf=Instance.new('Keyframe')
kf.Time=0.0833333432674408
kf.Parent=KeyframeSequence
local root=Instance.new('Pose')
root.Name="HumanoidRootPart"
root.CFrame=cf(0.000000,0.000000,0.000000,1.000000,0.000000,0.000000,-0.000000,1.000000,-0.000000,0.000000,0.000000,1.000000)
root.Parent=kf
local torso=Instance.new('Pose')
torso.Name="Torso"
torso.CFrame=cf(-0.005430,0.008780,-0.044895,0.999812,-0.019235,-0.002433,0.019260,0.999757,0.010680,0.002227,-0.010725,0.999940)
torso.Parent=root
local p=Instance.new('Pose')
p.Name="Left Leg"
p.CFrame=cf(-0.244513,0.020438,0.015080,0.987302,-0.141172,0.072834,0.141567,0.989929,-0.000267,-0.072063,0.010575,0.997344)
p.Parent=torso
local p=Instance.new('Pose')
p.Name="Right Leg"
p.CFrame=cf(0.232351,0.019924,0.024981,0.981632,0.155004,-0.111230,-0.155686,0.987803,0.002582,0.110274,0.014783,0.993791)
p.Parent=torso
local p=Instance.new('Pose')
p.Name="Left Arm"
p.CFrame=cf(-0.683399,0.628897,-0.376763,-0.852777,0.474493,0.218238,-0.355365,-0.833377,0.423318,0.382736,0.283442,0.879303)
p.Parent=torso
local p=Instance.new('Pose')
p.Name="Right Arm"
p.CFrame=cf(0.626429,0.123652,-0.150712,0.596384,-0.772803,-0.217030,0.260659,0.442172,-0.858220,0.759199,0.455257,0.465142)
p.Parent=torso
local p=Instance.new('Pose')
p.Name="Head"
p.CFrame=cf(0.000000,0.000000,0.016662,0.999930,0.011651,-0.001996,-0.011654,0.999930,-0.001801,0.001975,0.001824,0.999996)
p.Parent=torso
local kf=Instance.new('Keyframe')
kf.Time=0.09166667610406876
kf.Parent=KeyframeSequence
local root=Instance.new('Pose')
root.Name="HumanoidRootPart"
root.CFrame=cf(0.000000,0.000000,0.000000,1.000000,0.000000,0.000000,-0.000000,1.000000,-0.000000,0.000000,0.000000,1.000000)
root.Parent=kf
local torso=Instance.new('Pose')
torso.Name="Torso"
torso.CFrame=cf(-0.005430,0.008780,-0.044895,0.999812,-0.019235,-0.002433,0.019260,0.999757,0.010680,0.002227,-0.010725,0.999940)
torso.Parent=root
local p=Instance.new('Pose')
p.Name="Left Leg"
p.CFrame=cf(-0.244513,0.020438,0.015080,0.987302,-0.141172,0.072834,0.141567,0.989929,-0.000267,-0.072063,0.010575,0.997344)
p.Parent=torso
local p=Instance.new('Pose')
p.Name="Right Leg"
p.CFrame=cf(0.232351,0.019924,0.024981,0.981632,0.155004,-0.111230,-0.155686,0.987803,0.002582,0.110274,0.014783,0.993791)
p.Parent=torso
local p=Instance.new('Pose')
p.Name="Left Arm"
p.CFrame=cf(-0.683399,0.628897,-0.376763,-0.852777,0.474493,0.218238,-0.355365,-0.833377,0.423318,0.382736,0.283442,0.879303)
p.Parent=torso
local p=Instance.new('Pose')
p.Name="Right Arm"
p.CFrame=cf(0.626429,0.123652,-0.150712,0.596384,-0.772803,-0.217030,0.260659,0.442172,-0.858220,0.759199,0.455257,0.465142)
p.Parent=torso
local p=Instance.new('Pose')
p.Name="Head"
p.CFrame=cf(0.000000,0.000000,0.016662,0.999930,0.011651,-0.001996,-0.011654,0.999930,-0.001801,0.001975,0.001824,0.999996)
p.Parent=torso
local kf=Instance.new('Keyframe')
kf.Time=0.11250001192092896
kf.Parent=KeyframeSequence
local root=Instance.new('Pose')
root.Name="HumanoidRootPart"
root.CFrame=cf(0.000000,0.000000,0.000000,1.000000,0.000000,0.000000,-0.000000,1.000000,-0.000000,0.000000,0.000000,1.000000)
root.Parent=kf
local torso=Instance.new('Pose')
torso.Name="Torso"
torso.CFrame=cf(-0.003964,0.006546,-0.037844,0.999621,-0.027392,-0.002763,0.027413,0.999593,0.007947,0.002545,-0.008020,0.999965)
torso.Parent=root
local p=Instance.new('Pose')
p.Name="Left Leg"
p.CFrame=cf(-0.222501,0.017011,0.011730,0.990350,-0.122532,0.064745,0.122922,0.992414,-0.002070,-0.064000,0.010008,0.997900)
p.Parent=torso
local p=Instance.new('Pose')
p.Name="Right Leg"
p.CFrame=cf(0.204361,0.017510,0.023636,0.982693,0.141711,-0.119303,-0.142262,0.989821,0.003933,0.118646,0.013108,0.992850)
p.Parent=torso
local p=Instance.new('Pose')
p.Name="Left Arm"
p.CFrame=cf(-0.672433,0.607756,-0.264258,-0.774432,0.488948,0.401478,-0.316859,-0.849026,0.422795,0.547590,0.200214,0.812441)
p.Parent=torso
local p=Instance.new('Pose')
p.Name="Right Arm"
p.CFrame=cf(0.620027,0.074990,-0.102090,0.568959,-0.781646,-0.255569,0.267967,0.470026,-0.840993,0.777483,0.410006,0.476880)
p.Parent=torso
local p=Instance.new('Pose')
p.Name="Head"
p.CFrame=cf(0.000000,0.000000,0.016662,0.999740,0.022439,-0.004074,-0.022422,0.999740,0.004254,0.004169,-0.004162,0.999983)
p.Parent=torso
local kf=Instance.new('Keyframe')
kf.Time=0.12916667759418488
kf.Parent=KeyframeSequence
local root=Instance.new('Pose')
root.Name="HumanoidRootPart"
root.CFrame=cf(0.000000,0.000000,0.000000,1.000000,0.000000,0.000000,-0.000000,1.000000,-0.000000,0.000000,0.000000,1.000000)
root.Parent=kf
local torso=Instance.new('Pose')
torso.Name="Torso"
torso.CFrame=cf(-0.002009,0.003568,-0.028443,0.999262,-0.038270,-0.003169,0.038283,0.999258,0.004299,0.003002,-0.004417,0.999986)
torso.Parent=root
local p=Instance.new('Pose')
p.Name="Left Leg"
p.CFrame=cf(-0.193152,0.012442,0.007265,0.993765,-0.097605,0.053901,0.097974,0.995180,-0.004235,-0.053228,0.009490,0.998537)
p.Parent=torso
local p=Instance.new('Pose')
p.Name="Right Leg"
p.CFrame=cf(0.167040,0.014290,0.021842,0.983723,0.123970,-0.130080,-0.124307,0.992228,0.005562,0.129759,0.010698,0.991488)
p.Parent=torso
local p=Instance.new('Pose')
p.Name="Left Arm"
p.CFrame=cf(-0.657812,0.579568,-0.114252,-0.619880,0.481458,0.619634,-0.267979,-0.872060,0.409510,0.737520,0.087798,0.669594)
p.Parent=torso
local p=Instance.new('Pose')
p.Name="Right Arm"
p.CFrame=cf(0.611490,0.010108,-0.037260,0.531475,-0.789455,-0.307076,0.279343,0.505579,-0.816307,0.799688,0.348067,0.489232)
p.Parent=torso
local p=Instance.new('Pose')
p.Name="Head"
p.CFrame=cf(0.000000,0.000000,0.016662,0.999298,0.036841,-0.006744,-0.036756,0.999248,0.012362,0.007194,-0.012105,0.999901)
p.Parent=torso
local kf=Instance.new('Keyframe')
kf.Time=0.15000000596046448
kf.Parent=KeyframeSequence
local root=Instance.new('Pose')
root.Name="HumanoidRootPart"
root.CFrame=cf(0.000000,0.000000,0.000000,1.000000,0.000000,0.000000,-0.000000,1.000000,-0.000000,0.000000,0.000000,1.000000)
root.Parent=kf
local torso=Instance.new('Pose')
torso.Name="Torso"
torso.CFrame=cf(-0.001520,0.002823,-0.026093,0.999154,-0.040987,-0.003264,0.040998,0.999153,0.003387,0.003122,-0.003518,0.999989)
torso.Parent=root
local p=Instance.new('Pose')
p.Name="Left Leg"
p.CFrame=cf(-0.185815,0.011299,0.006148,0.994502,-0.091363,0.051182,0.091723,0.995773,-0.004734,-0.050533,0.009403,0.998678)
p.Parent=torso
local p=Instance.new('Pose')
p.Name="Right Leg"
p.CFrame=cf(0.157710,0.013485,0.021394,0.983912,0.119533,-0.132777,-0.119809,0.992779,0.005938,0.132528,0.010065,0.991128)
p.Parent=torso
local p=Instance.new('Pose')
p.Name="Left Arm"
p.CFrame=cf(-0.654157,0.572521,-0.076751,-0.574021,0.474891,0.667067,-0.256743,-0.877950,0.404088,0.777549,0.060690,0.625887)
p.Parent=torso
local p=Instance.new('Pose')
p.Name="Right Arm"
p.CFrame=cf(0.609356,-0.006113,-0.021052,0.521971,-0.790689,-0.319932,0.282470,0.514156,-0.809849,0.804833,0.332347,0.491720)
p.Parent=torso
local p=Instance.new('Pose')
p.Name="Head"
p.CFrame=cf(0.000000,0.000000,0.016662,0.999155,0.040442,-0.007393,-0.040333,0.999083,0.014394,0.007968,-0.014084,0.999869)
p.Parent=torso
local kf=Instance.new('Keyframe')
kf.Time=0.17500001192092896
kf.Parent=KeyframeSequence
local root=Instance.new('Pose')
root.Name="HumanoidRootPart"
root.CFrame=cf(0.000000,0.000000,0.000000,1.000000,0.000000,0.000000,-0.000000,1.000000,-0.000000,0.000000,0.000000,1.000000)
root.Parent=kf
local torso=Instance.new('Pose')
torso.Name="Torso"
torso.CFrame=cf(0.000271,0.005135,-0.019197,0.999391,-0.034704,-0.003625,0.034726,0.999378,0.006174,0.003409,-0.006296,0.999974)
torso.Parent=root
local p=Instance.new('Pose')
p.Name="Left Leg"
p.CFrame=cf(-0.134522,0.006242,0.003583,0.995828,-0.070846,0.057515,0.071282,0.997441,-0.005573,-0.056973,0.009649,0.998329)
p.Parent=torso
local p=Instance.new('Pose')
p.Name="Right Leg"
p.CFrame=cf(0.124333,0.010859,0.016380,0.986727,0.101859,-0.126467,-0.101763,0.994782,0.007236,0.126544,0.005730,0.991944)
p.Parent=torso
local p=Instance.new('Pose')
p.Name="Left Arm"
p.CFrame=cf(-0.625275,0.523648,-0.011066,-0.465642,0.495508,0.733245,-0.273944,-0.868561,0.412985,0.841506,-0.008565,0.540180)
p.Parent=torso
local p=Instance.new('Pose')
p.Name="Right Arm"
p.CFrame=cf(0.584654,-0.017126,0.036150,0.420304,-0.828331,-0.370423,0.329346,0.519656,-0.788346,0.845503,0.209347,0.491221)
p.Parent=torso
local p=Instance.new('Pose')
p.Name="Head"
p.CFrame=cf(0.000000,0.000000,0.016662,0.999254,0.037766,-0.008069,-0.037662,0.999209,0.012757,0.008544,-0.012443,0.999886)
p.Parent=torso
local kf=Instance.new('Keyframe')
kf.Time=0.19166667759418488
kf.Parent=KeyframeSequence
local root=Instance.new('Pose')
root.Name="HumanoidRootPart"
root.CFrame=cf(0.000000,0.000000,0.000000,1.000000,0.000000,0.000000,-0.000000,1.000000,-0.000000,0.000000,0.000000,1.000000)
root.Parent=kf
local torso=Instance.new('Pose')
torso.Name="Torso"
torso.CFrame=cf(0.003855,0.009758,-0.005406,0.999746,-0.022136,-0.004295,0.022185,0.999685,0.011757,0.004034,-0.011849,0.999922)
torso.Parent=root
local p=Instance.new('Pose')
p.Name="Left Leg"
p.CFrame=cf(-0.031935,-0.003874,-0.001547,0.997096,-0.029717,0.070117,0.030326,0.999511,-0.007640,-0.069855,0.009744,0.997510)
p.Parent=torso
local p=Instance.new('Pose')
p.Name="Right Leg"
p.CFrame=cf(0.057580,0.005608,0.006353,0.991275,0.066329,-0.113904,-0.065596,0.997794,0.010176,0.114327,-0.002616,0.993440)
p.Parent=torso
local p=Instance.new('Pose')
p.Name="Left Arm"
p.CFrame=cf(-0.567511,0.425903,0.120304,-0.226063,0.509082,0.830500,-0.303084,-0.847012,0.436704,0.925762,-0.152989,0.345773)
p.Parent=torso
local p=Instance.new('Pose')
p.Name="Right Arm"
p.CFrame=cf(0.535251,-0.039154,0.150554,0.203517,-0.858561,-0.470589,0.424994,0.510473,-0.747528,0.882021,-0.047863,0.468773)
p.Parent=torso
local p=Instance.new('Pose')
p.Name="Head"
p.CFrame=cf(0.000000,0.000000,0.016662,0.999430,0.032408,-0.009407,-0.032319,0.999433,0.009475,0.009709,-0.009166,0.999911)
p.Parent=torso
local kf=Instance.new('Keyframe')
kf.Time=0.21250000596046448
kf.Parent=KeyframeSequence
local root=Instance.new('Pose')
root.Name="HumanoidRootPart"
root.CFrame=cf(0.000000,0.000000,0.000000,1.000000,0.000000,0.000000,-0.000000,1.000000,-0.000000,0.000000,0.000000,1.000000)
root.Parent=kf
local torso=Instance.new('Pose')
torso.Name="Torso"
torso.CFrame=cf(0.005647,0.012069,0.001489,0.999864,-0.015849,-0.004604,0.015914,0.999767,0.014551,0.004372,-0.014622,0.999884)
torso.Parent=root
local p=Instance.new('Pose')
p.Name="Left Leg"
p.CFrame=cf(0.019358,-0.008931,-0.004113,0.997037,-0.009135,0.076377,0.009841,0.999912,-0.008866,-0.076289,0.009592,0.997040)
p.Parent=torso
local p=Instance.new('Pose')
p.Name="Right Leg"
p.CFrame=cf(0.024203,0.002982,0.001340,0.993005,0.048494,-0.107658,-0.047495,0.998802,0.011818,0.108102,-0.006622,0.994118)
p.Parent=torso
local p=Instance.new('Pose')
p.Name="Left Arm"
p.CFrame=cf(-0.538629,0.377030,0.185989,-0.100862,0.501697,0.859143,-0.314293,-0.835393,0.450931,0.943953,-0.224541,0.241940)
p.Parent=torso
local p=Instance.new('Pose')
p.Name="Right Arm"
p.CFrame=cf(0.510550,-0.050167,0.207756,0.093916,-0.850382,-0.517716,0.471332,0.496024,-0.729251,0.876941,-0.175528,0.447397)
p.Parent=torso
local p=Instance.new('Pose')
p.Name="Head"
p.CFrame=cf(0.000000,0.000000,0.016662,0.999507,0.029728,-0.010070,-0.029649,0.999530,0.007832,0.010298,-0.007530,0.999919)
p.Parent=torso
local kf=Instance.new('Keyframe')
kf.Time=0.23333333432674408
kf.Parent=KeyframeSequence
local root=Instance.new('Pose')
root.Name="HumanoidRootPart"
root.CFrame=cf(0.000000,0.000000,0.000000,1.000000,-0.000000,0.000000,0.000000,1.000000,0.000000,0.000000,-0.000000,1.000000)
root.Parent=kf
local torso=Instance.new('Pose')
torso.Name="Torso"
torso.CFrame=cf(0.005647,0.012069,0.001489,0.999864,-0.015849,-0.004604,0.015914,0.999767,0.014551,0.004372,-0.014622,0.999884)
torso.Parent=root
local p=Instance.new('Pose')
p.Name="Left Leg"
p.CFrame=cf(0.019358,-0.008931,-0.004113,0.997037,-0.009135,0.076377,0.009841,0.999912,-0.008866,-0.076289,0.009592,0.997040)
p.Parent=torso
local p=Instance.new('Pose')
p.Name="Right Leg"
p.CFrame=cf(0.024203,0.002982,0.001340,0.993005,0.048494,-0.107658,-0.047495,0.998802,0.011818,0.108102,-0.006622,0.994118)
p.Parent=torso
local p=Instance.new('Pose')
p.Name="Left Arm"
p.CFrame=cf(-0.538629,0.377030,0.185989,-0.100862,0.501697,0.859143,-0.314293,-0.835393,0.450931,0.943953,-0.224541,0.241940)
p.Parent=torso
local p=Instance.new('Pose')
p.Name="Right Arm"
p.CFrame=cf(0.510550,-0.050167,0.207756,0.093916,-0.850382,-0.517716,0.471332,0.496024,-0.729251,0.876941,-0.175528,0.447397)
p.Parent=torso
local p=Instance.new('Pose')
p.Name="Head"
p.CFrame=cf(0.000000,0.000000,0.016662,0.999507,0.029728,-0.010070,-0.029649,0.999530,0.007832,0.010298,-0.007530,0.999919)
p.Parent=torso
local kf=Instance.new('Keyframe')
kf.Time=0.25
kf.Parent=KeyframeSequence
local root=Instance.new('Pose')
root.Name="HumanoidRootPart"
root.CFrame=cf(0.000000,0.000000,0.000000,1.000000,0.000000,0.000000,-0.000000,1.000000,-0.000000,0.000000,0.000000,1.000000)
root.Parent=kf
local torso=Instance.new('Pose')
torso.Name="Torso"
torso.CFrame=cf(0.008005,0.019686,0.012783,0.999958,0.007912,-0.004697,-0.007798,0.999687,0.023756,0.004884,-0.023718,0.999707)
torso.Parent=root
local p=Instance.new('Pose')
p.Name="Left Leg"
p.CFrame=cf(0.054814,-0.010302,-0.007747,0.994890,-0.012771,0.100155,0.013697,0.999870,-0.008561,-0.100032,0.009889,0.994935)
p.Parent=torso
local p=Instance.new('Pose')
p.Name="Right Leg"
p.CFrame=cf(-0.017266,0.001210,-0.002766,0.996186,0.024273,-0.083817,-0.023250,0.999643,0.013160,0.084106,-0.011161,0.996394)
p.Parent=torso
local p=Instance.new('Pose')
p.Name="Left Arm"
p.CFrame=cf(-0.425008,0.211567,0.245041,0.235873,0.582742,0.777673,-0.433251,-0.653261,0.620922,0.869861,-0.483387,0.098387)
p.Parent=torso
local p=Instance.new('Pose')
p.Name="Right Arm"
p.CFrame=cf(0.414787,0.081640,0.309065,-0.368650,-0.733963,-0.570435,0.596390,0.283962,-0.750790,0.713034,-0.616980,0.333046)
p.Parent=torso
local p=Instance.new('Pose')
p.Name="Head"
p.CFrame=cf(0.000000,-0.000000,0.016662,0.999806,0.017207,-0.009604,-0.017233,0.999848,-0.002593,0.009558,0.002758,0.999951)
p.Parent=torso
local kf=Instance.new('Keyframe')
kf.Time=0.2708333432674408
kf.Parent=KeyframeSequence
local root=Instance.new('Pose')
root.Name="HumanoidRootPart"
root.CFrame=cf(0.000000,0.000000,0.000000,1.000000,0.000000,0.000000,-0.000000,1.000000,-0.000000,0.000000,0.000000,1.000000)
root.Parent=kf
local torso=Instance.new('Pose')
torso.Name="Torso"
torso.CFrame=cf(0.010363,0.027303,0.024076,0.999488,0.031668,-0.004572,-0.031500,0.998960,0.032959,0.005611,-0.032798,0.999446)
torso.Parent=root
local p=Instance.new('Pose')
p.Name="Left Leg"
p.CFrame=cf(0.090270,-0.011673,-0.011382,0.992163,-0.016398,0.123873,0.017544,0.999813,-0.008163,-0.123716,0.010272,0.992265)
p.Parent=torso
local p=Instance.new('Pose')
p.Name="Right Leg"
p.CFrame=cf(-0.058736,-0.000562,-0.006872,0.998200,-0.000065,-0.059966,0.000971,0.999886,0.015083,0.059959,-0.015114,0.998086)
p.Parent=torso
local p=Instance.new('Pose')
p.Name="Left Arm"
p.CFrame=cf(-0.311387,0.046104,0.304093,0.555522,0.547879,0.625478,-0.455361,-0.428946,0.780161,0.695731,-0.718215,0.011193)
p.Parent=torso
local p=Instance.new('Pose')
p.Name="Right Arm"
p.CFrame=cf(0.319025,0.213447,0.410374,-0.719546,-0.406565,-0.562991,0.601071,0.041414,-0.798122,0.347804,-0.912683,0.214575)
p.Parent=torso
local p=Instance.new('Pose')
p.Name="Head"
p.CFrame=cf(0.000000,-0.000001,0.016662,0.999948,0.004689,-0.009008,-0.004806,0.999904,-0.013012,0.008946,0.013055,0.999875)
p.Parent=torso
local kf=Instance.new('Keyframe')
kf.Time=0.2916666865348816
kf.Parent=KeyframeSequence
local root=Instance.new('Pose')
root.Name="HumanoidRootPart"
root.CFrame=cf(0.000000,0.000000,0.000000,1.000000,0.000000,0.000000,-0.000000,1.000000,-0.000000,0.000000,0.000000,1.000000)
root.Parent=kf
local torso=Instance.new('Pose')
torso.Name="Torso"
torso.CFrame=cf(0.010363,0.027303,0.024076,0.999488,0.031668,-0.004572,-0.031500,0.998960,0.032959,0.005611,-0.032798,0.999446)
torso.Parent=root
local p=Instance.new('Pose')
p.Name="Left Leg"
p.CFrame=cf(0.090270,-0.011673,-0.011382,0.992163,-0.016398,0.123873,0.017544,0.999813,-0.008163,-0.123716,0.010272,0.992265)
p.Parent=torso
local p=Instance.new('Pose')
p.Name="Right Leg"
p.CFrame=cf(-0.058736,-0.000562,-0.006872,0.998200,-0.000065,-0.059966,0.000971,0.999886,0.015083,0.059959,-0.015114,0.998086)
p.Parent=torso
local p=Instance.new('Pose')
p.Name="Left Arm"
p.CFrame=cf(-0.311387,0.046104,0.304093,0.555522,0.547879,0.625478,-0.455361,-0.428946,0.780161,0.695731,-0.718215,0.011193)
p.Parent=torso
local p=Instance.new('Pose')
p.Name="Right Arm"
p.CFrame=cf(0.319025,0.213447,0.410374,-0.719546,-0.406565,-0.562991,0.601071,0.041414,-0.798122,0.347804,-0.912683,0.214575)
p.Parent=torso
local p=Instance.new('Pose')
p.Name="Head"
p.CFrame=cf(0.000000,-0.000001,0.016662,0.999948,0.004689,-0.009008,-0.004806,0.999904,-0.013012,0.008946,0.013055,0.999875)
p.Parent=torso
local kf=Instance.new('Keyframe')
kf.Time=0.3125000298023224
kf.Parent=KeyframeSequence
local root=Instance.new('Pose')
root.Name="HumanoidRootPart"
root.CFrame=cf(0.000000,0.000000,0.000000,1.000000,0.000000,0.000000,-0.000000,1.000000,-0.000000,0.000000,0.000000,1.000000)
root.Parent=kf
local torso=Instance.new('Pose')
torso.Name="Torso"
torso.CFrame=cf(0.010723,0.022579,0.026077,0.999047,0.043501,-0.003544,-0.043348,0.998427,0.035558,0.005085,-0.035370,0.999361)
torso.Parent=root
local p=Instance.new('Pose')
p.Name="Left Leg"
p.CFrame=cf(0.096174,-0.011626,-0.012520,0.990430,-0.025715,0.135602,0.026750,0.999625,-0.005814,-0.135402,0.009386,0.990746)
p.Parent=torso
local p=Instance.new('Pose')
p.Name="Right Leg"
p.CFrame=cf(-0.053031,-0.002377,-0.006289,0.998837,0.003025,-0.048112,-0.002347,0.999897,0.014131,0.048150,-0.014001,0.998742)
p.Parent=torso
local p=Instance.new('Pose')
p.Name="Left Arm"
p.CFrame=cf(-0.240248,-0.066087,0.295185,0.733529,0.477299,0.483860,-0.452392,-0.188419,0.871688,0.507224,-0.858303,0.077715)
p.Parent=torso
local p=Instance.new('Pose')
p.Name="Right Arm"
p.CFrame=cf(0.298582,0.326383,0.397470,-0.772351,-0.354093,-0.527345,0.593340,-0.105796,-0.797969,0.226764,-0.929207,0.291809)
p.Parent=torso
local p=Instance.new('Pose')
p.Name="Head"
p.CFrame=cf(0.000000,-0.000000,0.016662,0.999955,0.002595,-0.009130,-0.002757,0.999838,-0.017811,0.009082,0.017836,0.999800)
p.Parent=torso
local kf=Instance.new('Keyframe')
kf.Time=0.3333333730697632
kf.Parent=KeyframeSequence
local root=Instance.new('Pose')
root.Name="HumanoidRootPart"
root.CFrame=cf(0.000000,0.000000,0.000000,1.000000,0.000000,0.000000,-0.000000,1.000000,-0.000000,0.000000,0.000000,1.000000)
root.Parent=kf
local torso=Instance.new('Pose')
torso.Name="Torso"
torso.CFrame=cf(0.011324,0.014706,0.029413,0.997999,0.063201,-0.001762,-0.063080,0.997212,0.039860,0.004276,-0.039669,0.999204)
torso.Parent=root
local p=Instance.new('Pose')
p.Name="Left Leg"
p.CFrame=cf(0.106014,-0.011549,-0.014415,0.987043,-0.041260,0.155057,0.042025,0.999115,-0.001657,-0.154852,0.008152,0.987904)
p.Parent=torso
local p=Instance.new('Pose')
p.Name="Right Leg"
p.CFrame=cf(-0.043523,-0.005403,-0.005316,0.999565,0.008202,-0.028345,-0.007851,0.999892,0.012455,0.028444,-0.012228,0.999521)
p.Parent=torso
local p=Instance.new('Pose')
p.Name="Left Arm"
p.CFrame=cf(-0.121684,-0.253071,0.280339,0.939926,0.227589,0.254446,-0.302405,0.209245,0.929929,0.158400,-0.951010,0.265499)
p.Parent=torso
local p=Instance.new('Pose')
p.Name="Right Arm"
p.CFrame=cf(0.264510,0.514607,0.375963,-0.842757,-0.246415,-0.478582,0.537697,-0.343474,-0.770005,0.025360,-0.906259,0.421961)
p.Parent=torso
local p=Instance.new('Pose')
p.Name="Head"
p.CFrame=cf(0.000000,0.000000,0.016662,0.999956,-0.000897,-0.009311,0.000656,0.999667,-0.025810,0.009331,0.025802,0.999624)
p.Parent=torso
local kf=Instance.new('Keyframe')
kf.Time=0.3500000536441803
kf.Parent=KeyframeSequence
local root=Instance.new('Pose')
root.Name="HumanoidRootPart"
root.CFrame=cf(0.000000,0.000000,0.000000,1.000000,0.000000,0.000000,-0.000000,1.000000,-0.000000,0.000000,0.000000,1.000000)
root.Parent=kf
local torso=Instance.new('Pose')
torso.Name="Torso"
torso.CFrame=cf(0.011324,0.014706,0.029413,0.997999,0.063201,-0.001762,-0.063080,0.997212,0.039860,0.004276,-0.039669,0.999204)
torso.Parent=root
local p=Instance.new('Pose')
p.Name="Left Leg"
p.CFrame=cf(0.106014,-0.011549,-0.014415,0.987043,-0.041260,0.155057,0.042025,0.999115,-0.001657,-0.154852,0.008152,0.987904)
p.Parent=torso
local p=Instance.new('Pose')
p.Name="Right Leg"
p.CFrame=cf(-0.043523,-0.005403,-0.005316,0.999565,0.008202,-0.028345,-0.007851,0.999892,0.012455,0.028444,-0.012228,0.999521)
p.Parent=torso
local p=Instance.new('Pose')
p.Name="Left Arm"
p.CFrame=cf(-0.121684,-0.253071,0.280339,0.939926,0.227589,0.254446,-0.302405,0.209245,0.929929,0.158400,-0.951010,0.265499)
p.Parent=torso
local p=Instance.new('Pose')
p.Name="Right Arm"
p.CFrame=cf(0.264510,0.514607,0.375963,-0.842757,-0.246415,-0.478582,0.537697,-0.343474,-0.770005,0.025360,-0.906259,0.421961)
p.Parent=torso
local p=Instance.new('Pose')
p.Name="Head"
p.CFrame=cf(0.000000,0.000000,0.016662,0.999956,-0.000897,-0.009311,0.000656,0.999667,-0.025810,0.009331,0.025802,0.999624)
p.Parent=torso
local kf=Instance.new('Keyframe')
kf.Time=0.3750000596046448
kf.Parent=KeyframeSequence
local root=Instance.new('Pose')
root.Name="HumanoidRootPart"
root.CFrame=cf(0.000000,0.000000,0.000000,1.000000,0.000000,0.000000,-0.000000,1.000000,-0.000000,0.000000,0.000000,1.000000)
root.Parent=kf
local torso=Instance.new('Pose')
torso.Name="Torso"
torso.CFrame=cf(0.011433,0.011068,0.026822,0.998040,0.062573,-0.000554,-0.062506,0.997316,0.038139,0.002939,-0.038030,0.999272)
torso.Parent=root
local p=Instance.new('Pose')
p.Name="Left Leg"
p.CFrame=cf(0.105817,-0.011767,-0.014353,0.987180,-0.040516,0.154380,0.041008,0.999159,0.000003,-0.154250,0.006327,0.988012)
p.Parent=torso
local p=Instance.new('Pose')
p.Name="Right Leg"
p.CFrame=cf(-0.043987,-0.007369,-0.005338,0.999548,0.007704,-0.029045,-0.007399,0.999916,0.010596,0.029124,-0.010376,0.999522)
p.Parent=torso
local p=Instance.new('Pose')
p.Name="Left Arm"
p.CFrame=cf(-0.111664,-0.284705,0.246513,0.938819,0.204960,0.276787,-0.329781,0.303203,0.894043,0.099320,-0.930623,0.352244)
p.Parent=torso
local p=Instance.new('Pose')
p.Name="Right Arm"
p.CFrame=cf(0.278396,0.544559,0.341539,-0.850108,-0.232840,-0.472337,0.524770,-0.449450,-0.722919,-0.043968,-0.862427,0.504268)
p.Parent=torso
local p=Instance.new('Pose')
p.Name="Head"
p.CFrame=cf(0.000000,0.000000,0.016662,0.999932,0.005584,-0.010281,-0.005852,0.999637,-0.026295,0.010131,0.026353,0.999601)
p.Parent=torso
local kf=Instance.new('Keyframe')
kf.Time=0.39583340287208557
kf.Parent=KeyframeSequence
local root=Instance.new('Pose')
root.Name="HumanoidRootPart"
root.CFrame=cf(0.000000,0.000000,0.000000,1.000000,0.000000,0.000000,-0.000000,1.000000,-0.000000,0.000000,0.000000,1.000000)
root.Parent=kf
local torso=Instance.new('Pose')
torso.Name="Torso"
torso.CFrame=cf(0.011705,0.001974,0.020345,0.998134,0.061008,0.002469,-0.061057,0.997561,0.033837,-0.000399,-0.033924,0.999424)
torso.Parent=root
local p=Instance.new('Pose')
p.Name="Left Leg"
p.CFrame=cf(0.105323,-0.012312,-0.014197,0.987518,-0.038652,0.152692,0.038469,0.999251,0.004157,-0.152738,0.001769,0.988265)
p.Parent=torso
local p=Instance.new('Pose')
p.Name="Right Leg"
p.CFrame=cf(-0.045149,-0.012285,-0.005392,0.999505,0.006455,-0.030792,-0.006275,0.999963,0.005945,0.030829,-0.005749,0.999508)
p.Parent=torso
local p=Instance.new('Pose')
p.Name="Left Arm"
p.CFrame=cf(-0.086612,-0.363790,0.161950,0.927038,0.157914,0.340095,-0.370403,0.526764,0.765063,-0.058336,-0.835215,0.546821)
p.Parent=torso
local p=Instance.new('Pose')
p.Name="Right Arm"
p.CFrame=cf(0.313109,0.619438,0.255479,-0.864609,-0.194774,-0.463156,0.457426,-0.686515,-0.565207,-0.207876,-0.700542,0.682662)
p.Parent=torso
local p=Instance.new('Pose')
p.Name="Head"
p.CFrame=cf(0.000000,0.000000,0.016662,0.999682,0.021783,-0.012721,-0.022126,0.999377,-0.027482,0.012114,0.027755,0.999541)
p.Parent=torso
local kf=Instance.new('Keyframe')
kf.Time=0.4125000834465027
kf.Parent=KeyframeSequence
local root=Instance.new('Pose')
root.Name="HumanoidRootPart"
root.CFrame=cf(0.000000,0.000000,0.000000,1.000000,0.000000,0.000000,-0.000000,1.000000,-0.000000,0.000000,0.000000,1.000000)
root.Parent=kf
local torso=Instance.new('Pose')
torso.Name="Torso"
torso.CFrame=cf(0.011759,0.000155,0.019050,0.998151,0.060697,0.003075,-0.060766,0.997607,0.032977,-0.001066,-0.033103,0.999451)
torso.Parent=root
local p=Instance.new('Pose')
p.Name="Left Leg"
p.CFrame=cf(0.105225,-0.012421,-0.014166,0.987584,-0.038278,0.152355,0.037962,0.999267,0.004988,-0.152434,0.000858,0.988313)
p.Parent=torso
local p=Instance.new('Pose')
p.Name="Right Leg"
p.CFrame=cf(-0.045381,-0.013269,-0.005403,0.999496,0.006204,-0.031141,-0.006051,0.999969,0.005015,0.031171,-0.004824,0.999502)
p.Parent=torso
local p=Instance.new('Pose')
p.Name="Left Arm"
p.CFrame=cf(-0.081602,-0.379606,0.145037,0.923219,0.150468,0.353590,-0.373474,0.567963,0.733441,-0.090467,-0.809183,0.580550)
p.Parent=torso
local p=Instance.new('Pose')
p.Name="Right Arm"
p.CFrame=cf(0.320052,0.634413,0.238267,-0.866726,-0.186769,-0.462498,0.438508,-0.727194,-0.528109,-0.237692,-0.660535,0.712178)
p.Parent=torso
local p=Instance.new('Pose')
p.Name="Head"
p.CFrame=cf(0.000000,0.000000,0.016662,0.999600,0.025021,-0.013211,-0.025380,0.999294,-0.027714,0.012508,0.028038,0.999529)
p.Parent=torso
local kf=Instance.new('Keyframe')
kf.Time=0.4541667401790619
kf.Parent=KeyframeSequence
local root=Instance.new('Pose')
root.Name="HumanoidRootPart"
root.CFrame=cf(0.000000,0.000000,0.000000,1.000000,-0.000000,0.000000,0.000000,1.000000,0.000000,0.000000,-0.000000,1.000000)
root.Parent=kf
local torso=Instance.new('Pose')
torso.Name="Torso"
torso.CFrame=cf(0.011041,-0.002870,0.006329,0.998943,0.045580,0.005987,-0.045715,0.998643,0.024944,-0.004842,-0.025191,0.999671)
torso.Parent=root
local p=Instance.new('Pose')
p.Name="Left Leg"
p.CFrame=cf(-0.044533,-0.010941,0.005748,0.985595,-0.098567,0.137433,0.098318,0.995118,0.008614,-0.137611,0.005022,0.990474)
p.Parent=torso
local p=Instance.new('Pose')
p.Name="Right Leg"
p.CFrame=cf(0.069207,-0.015024,0.000648,0.996888,0.063821,-0.046264,-0.063930,0.997954,-0.000884,0.046113,0.003839,0.998929)
p.Parent=torso
local p=Instance.new('Pose')
p.Name="Left Arm"
p.CFrame=cf(-0.107595,-0.389037,0.036175,0.788134,0.452475,0.417266,-0.600745,0.713053,0.361471,-0.133976,-0.535558,0.833803)
p.Parent=torso
local p=Instance.new('Pose')
p.Name="Right Arm"
p.CFrame=cf(0.334988,0.616414,0.149918,-0.859007,-0.193842,-0.473849,0.355972,-0.891347,-0.280684,-0.367955,-0.409787,0.834676)
p.Parent=torso
local p=Instance.new('Pose')
p.Name="Head"
p.CFrame=cf(0.000000,-0.000000,0.016662,0.998641,0.049412,-0.016593,-0.049837,0.998411,-0.026288,0.015268,0.027079,0.999517)
p.Parent=torso
local kf=Instance.new('Keyframe')
kf.Time=0.46666672825813293
kf.Parent=KeyframeSequence
local root=Instance.new('Pose')
root.Name="HumanoidRootPart"
root.CFrame=cf(0.000000,0.000000,0.000000,1.000000,-0.000000,0.000000,0.000000,1.000000,0.000000,0.000000,-0.000000,1.000000)
root.Parent=kf
local torso=Instance.new('Pose')
torso.Name="Torso"
torso.CFrame=cf(0.010611,-0.004685,-0.001303,0.999303,0.036516,0.007793,-0.036666,0.999124,0.020144,-0.007051,-0.020416,0.999767)
torso.Parent=root
local p=Instance.new('Pose')
p.Name="Left Leg"
p.CFrame=cf(-0.134387,-0.010053,0.017697,0.982549,-0.134604,0.128371,0.134392,0.990874,0.010349,-0.128593,0.007083,0.991672)
p.Parent=torso
local p=Instance.new('Pose')
p.Name="Right Leg"
p.CFrame=cf(0.137959,-0.016078,0.004279,0.993616,0.098231,-0.055487,-0.098603,0.995119,-0.003999,0.054823,0.009445,0.998451)
p.Parent=torso
local p=Instance.new('Pose')
p.Name="Left Arm"
p.CFrame=cf(-0.123190,-0.394696,-0.029141,0.683676,0.621888,0.381893,-0.700544,0.705897,0.104626,-0.204512,-0.339063,0.918265)
p.Parent=torso
local p=Instance.new('Pose')
p.Name="Right Arm"
p.CFrame=cf(0.343950,0.605614,0.096909,-0.854588,-0.199906,-0.479288,0.288798,-0.950003,-0.118703,-0.431596,-0.239860,0.869593)
p.Parent=torso
local p=Instance.new('Pose')
p.Name="Head"
p.CFrame=cf(0.000000,-0.000001,0.016662,0.997774,0.064035,-0.018606,-0.064497,0.997595,-0.025393,0.016935,0.026537,0.999504)
p.Parent=torso
local kf=Instance.new('Keyframe')
kf.Time=0.48333340883255005
kf.Parent=KeyframeSequence
local root=Instance.new('Pose')
root.Name="HumanoidRootPart"
root.CFrame=cf(0.000000,0.000000,0.000000,1.000000,0.000000,0.000000,-0.000000,1.000000,-0.000000,0.000000,0.000000,1.000000)
root.Parent=kf
local torso=Instance.new('Pose')
torso.Name="Torso"
torso.CFrame=cf(0.010611,-0.004685,-0.001303,0.999303,0.036516,0.007793,-0.036666,0.999124,0.020144,-0.007051,-0.020416,0.999767)
torso.Parent=root
local p=Instance.new('Pose')
p.Name="Left Leg"
p.CFrame=cf(-0.134387,-0.010053,0.017697,0.982549,-0.134604,0.128371,0.134392,0.990874,0.010349,-0.128593,0.007083,0.991672)
p.Parent=torso
local p=Instance.new('Pose')
p.Name="Right Leg"
p.CFrame=cf(0.137959,-0.016078,0.004279,0.993616,0.098231,-0.055487,-0.098603,0.995119,-0.003999,0.054823,0.009445,0.998451)
p.Parent=torso
local p=Instance.new('Pose')
p.Name="Left Arm"
p.CFrame=cf(-0.123190,-0.394696,-0.029141,0.683676,0.621888,0.381893,-0.700544,0.705897,0.104626,-0.204512,-0.339063,0.918265)
p.Parent=torso
local p=Instance.new('Pose')
p.Name="Right Arm"
p.CFrame=cf(0.343950,0.605614,0.096909,-0.854588,-0.199906,-0.479288,0.288798,-0.950003,-0.118703,-0.431596,-0.239860,0.869593)
p.Parent=torso
local p=Instance.new('Pose')
p.Name="Head"
p.CFrame=cf(0.000000,-0.000001,0.016662,0.997774,0.064035,-0.018606,-0.064497,0.997595,-0.025393,0.016935,0.026537,0.999504)
p.Parent=torso
local kf=Instance.new('Keyframe')
kf.Time=0.5000000596046448
kf.Parent=KeyframeSequence
local root=Instance.new('Pose')
root.Name="HumanoidRootPart"
root.CFrame=cf(0.000000,0.000000,0.000000,1.000000,0.000000,0.000000,-0.000000,1.000000,-0.000000,0.000000,0.000000,1.000000)
root.Parent=kf
local torso=Instance.new('Pose')
torso.Name="Torso"
torso.CFrame=cf(0.010611,-0.004685,-0.001303,0.999303,0.036516,0.007793,-0.036666,0.999125,0.020144,-0.007051,-0.020416,0.999767)
torso.Parent=root
local p=Instance.new('Pose')
p.Name="Left Leg"
p.CFrame=cf(-0.134387,-0.010053,0.017697,0.982549,-0.134604,0.128371,0.134392,0.990874,0.010349,-0.128593,0.007083,0.991672)
p.Parent=torso
local p=Instance.new('Pose')
p.Name="Right Leg"
p.CFrame=cf(0.137959,-0.016078,0.004279,0.993616,0.098231,-0.055487,-0.098603,0.995119,-0.003999,0.054823,0.009445,0.998451)
p.Parent=torso
local p=Instance.new('Pose')
p.Name="Left Arm"
p.CFrame=cf(-0.123190,-0.394696,-0.029142,0.683675,0.621890,0.381892,-0.700545,0.705897,0.104624,-0.204512,-0.339061,0.918266)
p.Parent=torso
local p=Instance.new('Pose')
p.Name="Right Arm"
p.CFrame=cf(0.343950,0.605614,0.096909,-0.854588,-0.199907,-0.479288,0.288799,-0.950003,-0.118702,-0.431596,-0.239859,0.869594)
p.Parent=torso
local p=Instance.new('Pose')
p.Name="Head"
p.CFrame=cf(0.000000,-0.000001,0.016662,0.997774,0.064035,-0.018606,-0.064497,0.997595,-0.025393,0.016935,0.026537,0.999504)
p.Parent=torso
local kf=Instance.new('Keyframe')
kf.Time=0.5208333730697632
kf.Parent=KeyframeSequence
local root=Instance.new('Pose')
root.Name="HumanoidRootPart"
root.CFrame=cf(0.000000,0.000000,0.000000,1.000000,0.000000,0.000000,-0.000000,1.000000,-0.000000,0.000000,0.000000,1.000000)
root.Parent=kf
local torso=Instance.new('Pose')
torso.Name="Torso"
torso.CFrame=cf(0.008129,-0.005015,-0.016506,0.999759,0.019972,0.009128,-0.020098,0.999701,0.013935,-0.008847,-0.014116,0.999861)
torso.Parent=root
local p=Instance.new('Pose')
p.Name="Left Leg"
p.CFrame=cf(-0.213913,-0.000992,0.022500,0.981028,-0.158283,0.111940,0.157879,0.987379,0.012521,-0.112509,0.005390,0.993636)
p.Parent=torso
local p=Instance.new('Pose')
p.Name="Right Leg"
p.CFrame=cf(0.201762,-0.012674,0.012545,0.988764,0.130989,-0.072029,-0.131908,0.991228,-0.008143,0.070331,0.017553,0.997369)
p.Parent=torso
local p=Instance.new('Pose')
p.Name="Left Arm"
p.CFrame=cf(-0.160704,-0.407640,-0.108164,0.519649,0.850340,-0.082984,-0.800260,0.450413,-0.395869,-0.299246,0.272122,0.914550)
p.Parent=torso
local p=Instance.new('Pose')
p.Name="Right Arm"
p.CFrame=cf(0.280483,0.544190,0.068650,-0.845571,-0.324433,-0.423974,0.300004,-0.945671,0.125319,-0.441597,-0.021228,0.896963)
p.Parent=torso
local p=Instance.new('Pose')
p.Name="Head"
p.CFrame=cf(0.000000,-0.000001,0.016662,0.995949,0.084198,-0.031571,-0.085021,0.996048,-0.025688,0.029283,0.028268,0.999171)
p.Parent=torso
local kf=Instance.new('Keyframe')
kf.Time=0.5375000238418579
kf.Parent=KeyframeSequence
local root=Instance.new('Pose')
