local KeyframeSequence = Instance.new("KeyframeSequence")
KeyframeSequence.Name = "Captured"
local cf = CFrame.new

-- Keyframe 1 (Time: 0.028277080506086349)
keyframe1 = Instance.new("Keyframe")
keyframe1.Time = 0.028277080506086349
keyframe1.Parent = KeyframeSequence

Root_k1 = Instance.new("Pose")
Root_k1.Name = "HumanoidRootPart"
Root_k1.CFrame = cf(0,0,0, 1,0,0, 0,1,0, 0,0,1)
Root_k1.Parent = keyframe1

Left_Leg_k1 = Instance.new("Pose")
Left_Leg_k1.Name = "Left Leg"
Left_Leg_k1.CFrame = cf(-0.500000, -0.000000, -1.000000, -1.000000, 0.000000, 0.000000, 0.000000, 1.000000, 0.000000, -0.000000, 0.000000, -1.000000)
Left_Leg_k1.Parent = Root_k1

Right_Arm_k1 = Instance.new("Pose")
Right_Arm_k1.Name = "Right Arm"
Right_Arm_k1.CFrame = cf(-0.500477, -0.999480, -1.000381, -1.000000, 0.000957, 0.000217, 0.000957, 0.999999, 0.000544, -0.000217, 0.000544, -1.000000)
Right_Arm_k1.Parent = Root_k1

Left_Arm_k1 = Instance.new("Pose")
Left_Arm_k1.Name = "Left Arm"
Left_Arm_k1.CFrame = cf(0.500082, -1.002947, -0.995753, -0.999971, -0.000192, 0.007599, -0.000199, 1.000000, -0.000893, -0.007599, -0.000895, -0.999971)
Left_Arm_k1.Parent = Root_k1

Torso_k1 = Instance.new("Pose")
Torso_k1.Name = "Torso"
Torso_k1.CFrame = cf(0.000000, 0.000000, 0.000000, 1.000000, 0.000001, -0.000001, -0.000001, 1.000000, 0.000000, 0.000001, -0.000000, 1.000000)
Torso_k1.Parent = Root_k1

Right_Leg_k1 = Instance.new("Pose")
Right_Leg_k1.Name = "Right Leg"
Right_Leg_k1.CFrame = cf(0.500000, -0.000000, -1.000000, -1.000000, 0.000000, 0.000000, 0.000000, 1.000000, 0.000000, -0.000000, 0.000000, -1.000000)
Right_Leg_k1.Parent = Root_k1

Head_k1 = Instance.new("Pose")
Head_k1.Name = "Head"
Head_k1.CFrame = cf(-0.000001, 0.500000, -1.000000, 1.000000, -0.000001, 0.000001, 0.000001, 1.000000, -0.000000, -0.000001, 0.000000, 1.000000)
Head_k1.Parent = Root_k1

-- Keyframe 2 (Time: 0.051222041249275208)
keyframe2 = Instance.new("Keyframe")
keyframe2.Time = 0.051222041249275208
keyframe2.Parent = KeyframeSequence

Root_k2 = Instance.new("Pose")
Root_k2.Name = "HumanoidRootPart"
Root_k2.CFrame = cf(0,0,0, 1,0,0, 0,1,0, 0,0,1)
Root_k2.Parent = keyframe2

Left_Leg_k2 = Instance.new("Pose")
Left_Leg_k2.Name = "Left Leg"
Left_Leg_k2.CFrame = cf(-0.489305, 0.033554, -0.864231, -0.995532, 0.013681, -0.093426, -0.001996, 0.986178, 0.165679, 0.094402, 0.165125, -0.981744)
Left_Leg_k2.Parent = Root_k2

Right_Arm_k2 = Instance.new("Pose")
Right_Arm_k2.Name = "Right Arm"
Right_Arm_k2.CFrame = cf(0.186317, -0.995277, -0.045262, -0.456937, -0.447995, 0.768446, -0.871453, 0.398603, -0.285807, -0.178265, -0.800260, -0.572543)
Right_Arm_k2.Parent = Root_k2

Left_Arm_k2 = Instance.new("Pose")
Left_Arm_k2.Name = "Left Arm"
Left_Arm_k2.CFrame = cf(-0.286152, 0.670851, -0.058667, -0.915192, 0.392841, 0.090002, -0.392841, -0.819677, -0.416901, -0.090003, -0.416900, 0.904485)
Left_Arm_k2.Parent = Root_k2

Torso_k2 = Instance.new("Pose")
Torso_k2.Name = "Torso"
Torso_k2.CFrame = cf(0.006174, -0.051441, 0.014768, 0.999995, 0.002051, -0.002436, -0.002094, 0.999837, -0.017950, 0.002399, 0.017955, 0.999836)
Torso_k2.Parent = Root_k2

Right_Leg_k2 = Instance.new("Pose")
Right_Leg_k2.Name = "Right Leg"
Right_Leg_k2.CFrame = cf(0.489809, 0.035186, -0.859625, -0.995969, -0.013391, 0.088695, 0.001706, 0.985788, 0.167987, -0.089684, 0.167461, -0.981791)
Right_Leg_k2.Parent = Root_k2

Head_k2 = Instance.new("Pose")
Head_k2.Name = "Head"
Head_k2.CFrame = cf(-0.000646, 0.516614, -1.006902, 0.999928, -0.001291, 0.011903, 0.001127, 0.999904, 0.013817, -0.011920, -0.013803, 0.999834)
Head_k2.Parent = Root_k2

-- Keyframe 3 (Time: 0.07815743051469326)
keyframe3 = Instance.new("Keyframe")
keyframe3.Time = 0.07815743051469326
keyframe3.Parent = KeyframeSequence

Root_k3 = Instance.new("Pose")
Root_k3.Name = "HumanoidRootPart"
Root_k3.CFrame = cf(0,0,0, 1,0,0, 0,1,0, 0,0,1)
Root_k3.Parent = keyframe3

Left_Leg_k3 = Instance.new("Pose")
Left_Leg_k3.Name = "Left Leg"
Left_Leg_k3.CFrame = cf(-0.491337, 0.032277, -0.862549, -0.996359, 0.012297, -0.084361, -0.000970, 0.987844, 0.155449, 0.085247, 0.154965, -0.984235)
Left_Leg_k3.Parent = Root_k3

Right_Arm_k3 = Instance.new("Pose")
Right_Arm_k3.Name = "Right Arm"
Right_Arm_k3.CFrame = cf(0.169148, -1.008774, -0.066596, -0.460374, -0.451159, 0.764533, -0.866080, 0.417286, -0.275277, -0.194836, -0.788877, -0.582848)
Right_Arm_k3.Parent = Root_k3

Left_Arm_k3 = Instance.new("Pose")
Left_Arm_k3.Name = "Left Arm"
Left_Arm_k3.CFrame = cf(-0.193144, 0.708296, -0.112203, -0.911934, 0.348546, 0.216546, -0.408181, -0.824567, -0.391761, 0.042010, -0.445651, 0.894221)
Left_Arm_k3.Parent = Root_k3

Torso_k3 = Instance.new("Pose")
Torso_k3.Name = "Torso"
Torso_k3.CFrame = cf(0.005858, -0.048659, 0.012223, 0.999975, 0.002233, 0.006774, -0.002132, 0.999887, -0.014879, -0.006807, 0.014865, 0.999866)
Torso_k3.Parent = Root_k3

Right_Leg_k3 = Instance.new("Pose")
Right_Leg_k3.Name = "Right Leg"
Right_Leg_k3.CFrame = cf(0.488549, 0.033300, -0.862780, -0.995101, -0.014016, 0.097870, 0.002111, 0.986663, 0.162765, -0.098846, 0.162174, -0.981799)
Right_Leg_k3.Parent = Root_k3

Head_k3 = Instance.new("Pose")
Head_k3.Name = "Head"
Head_k3.CFrame = cf(0.000070, 0.516643, -1.004356, 0.999998, 0.000140, 0.001898, -0.000157, 0.999962, 0.008711, -0.001896, -0.008712, 0.999960)
Head_k3.Parent = Root_k3

-- Keyframe 4 (Time: 0.11008085496723652)
keyframe4 = Instance.new("Keyframe")
keyframe4.Time = 0.11008085496723652
keyframe4.Parent = KeyframeSequence

Root_k4 = Instance.new("Pose")
Root_k4.Name = "HumanoidRootPart"
Root_k4.CFrame = cf(0,0,0, 1,0,0, 0,1,0, 0,0,1)
Root_k4.Parent = keyframe4

Left_Leg_k4 = Instance.new("Pose")
Left_Leg_k4.Name = "Left Leg"
Left_Leg_k4.CFrame = cf(-0.494167, 0.030643, -0.860242, -0.997344, 0.010574, -0.072063, 0.000267, 0.989929, 0.141567, 0.072834, 0.141172, -0.987302)
Left_Leg_k4.Parent = Root_k4

Right_Arm_k4 = Instance.new("Pose")
Right_Arm_k4.Name = "Right Arm"
Right_Arm_k4.CFrame = cf(0.145770, -1.026543, -0.095684, -0.465142, -0.455257, 0.759199, -0.858220, 0.442172, -0.260659, -0.217030, -0.772803, -0.596384)
Right_Arm_k4.Parent = Root_k4

Left_Arm_k4 = Instance.new("Pose")
Left_Arm_k4.Name = "Left Arm"
Left_Arm_k4.CFrame = cf(-0.078832, 0.757244, -0.188474, -0.879303, 0.283442, 0.382736, -0.423318, -0.833377, -0.355365, 0.218238, -0.474493, 0.852777)
Left_Arm_k4.Parent = Root_k4

Torso_k4 = Instance.new("Pose")
Torso_k4.Name = "Torso"
Torso_k4.CFrame = cf(0.005430, -0.044895, 0.008780, 0.999812, 0.002434, 0.019235, -0.002228, 0.999940, -0.010725, -0.019260, 0.010680, 0.999757)
Torso_k4.Parent = Root_k4

Right_Leg_k4 = Instance.new("Pose")
Right_Leg_k4.Name = "Right Leg"
Right_Leg_k4.CFrame = cf(0.486697, 0.030830, -0.867037, -0.993791, -0.014783, 0.110274, 0.002582, 0.987803, 0.155686, -0.111230, 0.155004, -0.981632)
Right_Leg_k4.Parent = Root_k4

Head_k4 = Instance.new("Pose")
Head_k4.Name = "Head"
Head_k4.CFrame = cf(0.000998, 0.516660, -1.000901, 0.999930, 0.001996, -0.011651, -0.001974, 0.999996, 0.001824, 0.011654, -0.001801, 0.999930)
Head_k4.Parent = Root_k4

-- Keyframe 5 (Time: 0.13939613662660122)
keyframe5 = Instance.new("Keyframe")
keyframe5.Time = 0.13939613662660122
keyframe5.Parent = KeyframeSequence

Root_k5 = Instance.new("Pose")
Root_k5.Name = "HumanoidRootPart"
Root_k5.CFrame = cf(0,0,0, 1,0,0, 0,1,0, 0,0,1)
Root_k5.Parent = keyframe5

Left_Leg_k5 = Instance.new("Pose")
Left_Leg_k5.Name = "Left Leg"
Left_Leg_k5.CFrame = cf(-0.494870, 0.029449, -0.861975, -0.997480, 0.010429, -0.070183, 0.000701, 0.990540, 0.137223, 0.070950, 0.136828, -0.988051)
Left_Leg_k5.Parent = Root_k5

Right_Arm_k5 = Instance.new("Pose")
Right_Arm_k5.Name = "Right Arm"
Right_Arm_k5.CFrame = cf(0.127735, -1.039231, -0.100520, -0.468068, -0.444804, 0.763585, -0.854304, 0.448755, -0.262268, -0.226005, -0.775093, -0.590045)
Right_Arm_k5.Parent = Root_k5

Left_Arm_k5 = Instance.new("Pose")
Left_Arm_k5.Name = "Left Arm"
Left_Arm_k5.CFrame = cf(-0.049204, 0.754346, -0.210387, -0.867036, 0.264421, 0.422291, -0.423920, -0.836845, -0.346385, 0.261800, -0.479346, 0.837668)
Left_Arm_k5.Parent = Root_k5

Torso_k5 = Instance.new("Pose")
Torso_k5.Name = "Torso"
Torso_k5.CFrame = cf(0.005087, -0.043249, 0.008259, 0.999773, 0.002513, 0.021138, -0.002300, 0.999946, -0.010094, -0.021162, 0.010043, 0.999726)
Torso_k5.Parent = Root_k5

Right_Leg_k5 = Instance.new("Pose")
Right_Leg_k5.Name = "Right Leg"
Right_Leg_k5.CFrame = cf(0.486524, 0.029617, -0.869527, -0.993578, -0.014402, 0.112230, 0.002907, 0.988290, 0.152557, -0.113113, 0.151904, -0.981902)
Right_Leg_k5.Parent = Root_k5

Head_k5 = Instance.new("Pose")
Head_k5.Name = "Head"
Head_k5.CFrame = cf(0.001243, 0.516660, -1.000195, 0.999897, 0.002486, -0.014167, -0.002481, 0.999997, 0.000425, 0.014168, -0.000390, 0.999900)
Head_k5.Parent = Root_k5

-- Keyframe 6 (Time: 0.17041659727692604)
keyframe6 = Instance.new("Keyframe")
keyframe6.Time = 0.17041659727692604
keyframe6.Parent = KeyframeSequence

Root_k6 = Instance.new("Pose")
Root_k6.Name = "HumanoidRootPart"
Root_k6.CFrame = cf(0,0,0, 1,0,0, 0,1,0, 0,0,1)
Root_k6.Parent = keyframe6

Left_Leg_k6 = Instance.new("Pose")
Left_Leg_k6.Name = "Left Leg"
Left_Leg_k6.CFrame = cf(-0.502593, 0.017893, -0.879957, -0.998678, 0.009403, -0.050533, 0.004734, 0.995773, 0.091723, 0.051182, 0.091363, -0.994502)
Left_Leg_k6.Parent = Root_k6

Right_Arm_k6 = Instance.new("Pose")
Right_Arm_k6.Name = "Right Arm"
Right_Arm_k6.CFrame = cf(-0.058634, -1.168115, -0.155265, -0.491720, -0.332347, 0.804833, -0.809849, 0.514156, -0.282470, -0.319932, -0.790689, -0.521972)
Right_Arm_k6.Parent = Root_k6

Left_Arm_k6 = Instance.new("Pose")
Left_Arm_k6.Name = "Left Arm"
Left_Arm_k6.CFrame = cf(0.205847, 0.713540, -0.441931, -0.625887, 0.060690, 0.777549, -0.404088, -0.877950, -0.256743, 0.667067, -0.474891, 0.574022)
Left_Arm_k6.Parent = Root_k6

Torso_k6 = Instance.new("Pose")
Torso_k6.Name = "Torso"
Torso_k6.CFrame = cf(0.001520, -0.026093, 0.002823, 0.999154, 0.003264, 0.040987, -0.003123, 0.999989, -0.003517, -0.040998, 0.003386, 0.999153)
Torso_k6.Parent = Root_k6

Right_Leg_k6 = Instance.new("Pose")
Right_Leg_k6.Name = "Right Leg"
Right_Leg_k6.CFrame = cf(0.484235, 0.017736, -0.895434, -0.991128, -0.010065, 0.132528, 0.005938, 0.992779, 0.119809, -0.132777, 0.119533, -0.983912)
Right_Leg_k6.Parent = Root_k6

Head_k6 = Instance.new("Pose")
Head_k6.Name = "Head"
Head_k6.CFrame = cf(0.003696, 0.516596, -0.992803, 0.999155, 0.007393, -0.040442, -0.007968, 0.999869, -0.014084, 0.040333, 0.014394, 0.999083)
Head_k6.Parent = Root_k6

-- Keyframe 7 (Time: 0.19643375650048256)
keyframe7 = Instance.new("Keyframe")
keyframe7.Time = 0.19643375650048256
keyframe7.Parent = KeyframeSequence

Root_k7 = Instance.new("Pose")
Root_k7.Name = "HumanoidRootPart"
Root_k7.CFrame = cf(0,0,0, 1,0,0, 0,1,0, 0,0,1)
Root_k7.Parent = keyframe7

Left_Leg_k7 = Instance.new("Pose")
Left_Leg_k7.Name = "Left Leg"
Left_Leg_k7.CFrame = cf(-0.502593, 0.017893, -0.879957, -0.998678, 0.009403, -0.050533, 0.004734, 0.995773, 0.091723, 0.051182, 0.091363, -0.994502)
Left_Leg_k7.Parent = Root_k7

Right_Arm_k7 = Instance.new("Pose")
Right_Arm_k7.Name = "Right Arm"
Right_Arm_k7.CFrame = cf(-0.058634, -1.168115, -0.155265, -0.491720, -0.332347, 0.804833, -0.809849, 0.514156, -0.282470, -0.319932, -0.790689, -0.521971)
Right_Arm_k7.Parent = Root_k7

Left_Arm_k7 = Instance.new("Pose")
Left_Arm_k7.Name = "Left Arm"
Left_Arm_k7.CFrame = cf(0.205847, 0.713540, -0.441931, -0.625887, 0.060690, 0.777549, -0.404088, -0.877950, -0.256743, 0.667067, -0.474891, 0.574022)
Left_Arm_k7.Parent = Root_k7

Torso_k7 = Instance.new("Pose")
Torso_k7.Name = "Torso"
Torso_k7.CFrame = cf(0.001520, -0.026093, 0.002823, 0.999154, 0.003264, 0.040987, -0.003122, 0.999989, -0.003517, -0.040998, 0.003387, 0.999153)
Torso_k7.Parent = Root_k7

Right_Leg_k7 = Instance.new("Pose")
Right_Leg_k7.Name = "Right Leg"
Right_Leg_k7.CFrame = cf(0.484235, 0.017736, -0.895434, -0.991128, -0.010065, 0.132528, 0.005938, 0.992779, 0.119809, -0.132777, 0.119533, -0.983912)
Right_Leg_k7.Parent = Root_k7

Head_k7 = Instance.new("Pose")
Head_k7.Name = "Head"
Head_k7.CFrame = cf(0.003696, 0.516596, -0.992803, 0.999155, 0.007393, -0.040442, -0.007968, 0.999869, -0.014084, 0.040333, 0.014394, 0.999083)
Head_k7.Parent = Root_k7

-- Keyframe 8 (Time: 0.22167306020855904)
keyframe8 = Instance.new("Keyframe")
keyframe8.Time = 0.22167306020855904
keyframe8.Parent = KeyframeSequence

Root_k8 = Instance.new("Pose")
Root_k8.Name = "HumanoidRootPart"
Root_k8.CFrame = cf(0,0,0, 1,0,0, 0,1,0, 0,0,1)
Root_k8.Parent = keyframe8

Left_Leg_k8 = Instance.new("Pose")
Left_Leg_k8.Name = "Left Leg"
Left_Leg_k8.CFrame = cf(-0.507352, 0.006610, -0.931013, -0.998001, 0.009754, -0.062448, 0.006388, 0.998527, 0.053883, 0.062881, 0.053376, -0.996593)
Left_Leg_k8.Parent = Root_k8

Right_Arm_k8 = Instance.new("Pose")
Right_Arm_k8.Name = "Right Arm"
Right_Arm_k8.CFrame = cf(-0.276901, -1.171257, -0.218721, -0.485147, -0.100887, 0.868593, -0.770477, 0.519062, -0.370055, -0.413519, -0.848762, -0.329553)
Right_Arm_k8.Parent = Root_k8

Left_Arm_k8 = Instance.new("Pose")
Left_Arm_k8.Name = "Left Arm"
Left_Arm_k8.CFrame = cf(0.309837, 0.623084, -0.536702, -0.460621, -0.069520, 0.884870, -0.422175, -0.859779, -0.287312, 0.780767, -0.505912, 0.366682)
Left_Arm_k8.Parent = Root_k8

Torso_k8 = Instance.new("Pose")
Torso_k8.Name = "Torso"
Torso_k8.CFrame = cf(-0.001794, -0.013336, 0.007100, 0.999561, 0.003919, 0.029364, -0.003666, 0.999956, -0.008657, -0.029396, 0.008546, 0.999531)
Torso_k8.Parent = Root_k8

Right_Leg_k8 = Instance.new("Pose")
Right_Leg_k8.Name = "Right Leg"
Right_Leg_k8.CFrame = cf(0.486312, 0.008188, -0.930264, -0.992602, -0.002129, 0.121391, 0.008429, 0.996225, 0.086401, -0.121117, 0.086785, -0.988837)
Right_Leg_k8.Parent = Root_k8

Head_k8 = Instance.new("Pose")
Head_k8.Name = "Head"
Head_k8.CFrame = cf(0.004320, 0.516611, -0.994318, 0.999333, 0.008640, -0.035491, -0.009037, 0.999898, -0.011050, 0.035392, 0.011363, 0.999309)
Head_k8.Parent = Root_k8

-- Keyframe 9 (Time: 0.24774385802447796)
keyframe9 = Instance.new("Keyframe")
keyframe9.Time = 0.24774385802447796
keyframe9.Parent = KeyframeSequence

Root_k9 = Instance.new("Pose")
Root_k9.Name = "HumanoidRootPart"
Root_k9.CFrame = cf(0,0,0, 1,0,0, 0,1,0, 0,0,1)
Root_k9.Parent = keyframe9

Left_Leg_k9 = Instance.new("Pose")
Left_Leg_k9.Name = "Left Leg"
Left_Leg_k9.CFrame = cf(-0.512224, -0.004411, -0.990305, -0.997040, 0.009592, -0.076289, 0.008866, 0.999912, 0.009841, 0.076377, 0.009135, -0.997037)
Left_Leg_k9.Parent = Root_k9

Right_Arm_k9 = Instance.new("Pose")
Right_Arm_k9.Name = "Right Arm"
Right_Arm_k9.CFrame = cf(-0.519218, -1.162804, -0.323117, -0.447397, 0.175528, 0.876941, -0.729251, 0.496024, -0.471332, -0.517716, -0.850382, -0.093916)
Right_Arm_k9.Parent = Root_k9

Left_Arm_k9 = Instance.new("Pose")
Left_Arm_k9.Name = "Left Arm"
Left_Arm_k9.CFrame = cf(0.419229, 0.520192, -0.640094, -0.241940, -0.224541, 0.943953, -0.450931, -0.835393, -0.314293, 0.859143, -0.501697, 0.100862)
Left_Arm_k9.Parent = Root_k9

Torso_k9 = Instance.new("Pose")
Torso_k9.Name = "Torso"
Torso_k9.CFrame = cf(-0.005647, 0.001489, 0.012069, 0.999864, 0.004604, 0.015849, -0.004372, 0.999884, -0.014622, -0.015914, 0.014551, 0.999767)
Torso_k9.Parent = Root_k9

Right_Leg_k9 = Instance.new("Pose")
Right_Leg_k9.Name = "Right Leg"
Right_Leg_k9.CFrame = cf(0.489097, -0.001728, -0.970461, -0.994118, 0.006622, 0.108102, 0.011818, 0.998802, 0.047495, -0.107658, 0.048494, -0.993005)
Right_Leg_k9.Parent = Root_k9

Head_k9 = Instance.new("Pose")
Head_k9.Name = "Head"
Head_k9.CFrame = cf(0.005035, 0.516622, -0.996084, 0.999507, 0.010070, -0.029728, -0.010298, 0.999919, -0.007530, 0.029649, 0.007832, 0.999530)
Head_k9.Parent = Root_k9

-- Keyframe 10 (Time: 0.27281193248927593)
keyframe10 = Instance.new("Keyframe")
keyframe10.Time = 0.27281193248927593
keyframe10.Parent = KeyframeSequence

Root_k10 = Instance.new("Pose")
Root_k10.Name = "HumanoidRootPart"
Root_k10.CFrame = cf(0,0,0, 1,0,0, 0,1,0, 0,0,1)
Root_k10.Parent = keyframe10

Left_Leg_k10 = Instance.new("Pose")
Left_Leg_k10.Name = "Left Leg"
Left_Leg_k10.CFrame = cf(-0.512224, -0.004411, -0.990305, -0.997040, 0.009592, -0.076289, 0.008866, 0.999912, 0.009841, 0.076377, 0.009135, -0.997037)
Left_Leg_k10.Parent = Root_k10

Right_Arm_k10 = Instance.new("Pose")
Right_Arm_k10.Name = "Right Arm"
Right_Arm_k10.CFrame = cf(-0.519218, -1.162804, -0.323117, -0.447397, 0.175528, 0.876941, -0.729251, 0.496024, -0.471332, -0.517716, -0.850382, -0.093916)
Right_Arm_k10.Parent = Root_k10

Left_Arm_k10 = Instance.new("Pose")
Left_Arm_k10.Name = "Left Arm"
Left_Arm_k10.CFrame = cf(0.419229, 0.520192, -0.640094, -0.241940, -0.224541, 0.943953, -0.450931, -0.835393, -0.314293, 0.859143, -0.501697, 0.100862)
Left_Arm_k10.Parent = Root_k10

Torso_k10 = Instance.new("Pose")
Torso_k10.Name = "Torso"
Torso_k10.CFrame = cf(-0.005647, 0.001489, 0.012069, 0.999864, 0.004604, 0.015849, -0.004372, 0.999884, -0.014622, -0.015914, 0.014551, 0.999767)
Torso_k10.Parent = Root_k10

Right_Leg_k10 = Instance.new("Pose")
Right_Leg_k10.Name = "Right Leg"
Right_Leg_k10.CFrame = cf(0.489097, -0.001728, -0.970461, -0.994118, 0.006622, 0.108102, 0.011818, 0.998802, 0.047495, -0.107658, 0.048494, -0.993005)
Right_Leg_k10.Parent = Root_k10

Head_k10 = Instance.new("Pose")
Head_k10.Name = "Head"
Head_k10.CFrame = cf(0.005035, 0.516622, -0.996084, 0.999507, 0.010070, -0.029728, -0.010298, 0.999919, -0.007530, 0.029649, 0.007832, 0.999530)
Head_k10.Parent = Root_k10

-- Keyframe 11 (Time: 0.29687728360295296)
keyframe11 = Instance.new("Keyframe")
keyframe11.Time = 0.29687728360295296
keyframe11.Parent = KeyframeSequence

Root_k11 = Instance.new("Pose")
Root_k11.Name = "HumanoidRootPart"
Root_k11.CFrame = cf(0,0,0, 1,0,0, 0,1,0, 0,0,1)
Root_k11.Parent = keyframe11

Left_Leg_k11 = Instance.new("Pose")
Left_Leg_k11.Name = "Left Leg"
Left_Leg_k11.CFrame = cf(-0.515656, -0.006191, -1.022950, -0.994446, 0.009959, -0.104775, 0.008489, 0.999859, 0.014467, 0.104904, 0.013497, -0.994391)
Left_Leg_k11.Parent = Root_k11

Right_Arm_k11 = Instance.new("Pose")
Right_Arm_k11.Name = "Right Arm"
Right_Arm_k11.CFrame = cf(-0.829656, -0.888737, -0.550314, -0.308108, 0.692550, 0.652260, -0.758688, 0.234788, -0.607673, -0.573987, -0.682091, 0.453090)
Right_Arm_k11.Parent = Root_k11

Left_Arm_k11 = Instance.new("Pose")
Left_Arm_k11.Name = "Left Arm"
Left_Arm_k11.CFrame = cf(0.561704, 0.311013, -0.681144, -0.075633, -0.534072, 0.842049, -0.654833, -0.610244, -0.445866, 0.751980, -0.585124, -0.303573)
Left_Arm_k11.Parent = Root_k11

Torso_k11 = Instance.new("Pose")
Torso_k11.Name = "Torso"
Torso_k11.CFrame = cf(-0.008476, 0.015041, 0.021209, 0.999909, 0.004690, -0.012664, -0.005012, 0.999661, -0.025535, 0.012540, 0.025597, 0.999594)
Torso_k11.Parent = Root_k11

Right_Leg_k11 = Instance.new("Pose")
Right_Leg_k11.Name = "Right Leg"
Right_Leg_k11.CFrame = cf(0.489978, -0.005633, -1.005451, -0.996780, 0.011999, 0.079287, 0.013498, 0.999740, 0.018402, -0.079046, 0.019413, -0.996682)
Right_Leg_k11.Parent = Root_k11

Head_k11 = Instance.new("Pose")
Head_k11.Name = "Head"
Head_k11.CFrame = cf(0.004748, 0.516634, -1.002339, 0.999847, 0.009495, -0.014703, -0.009425, 0.999944, 0.004817, 0.014748, -0.004678, 0.999880)
Head_k11.Parent = Root_k11

-- Keyframe 12 (Time: 0.32271275110542774)
keyframe12 = Instance.new("Keyframe")
keyframe12.Time = 0.32271275110542774
keyframe12.Parent = KeyframeSequence

Root_k12 = Instance.new("Pose")
Root_k12.Name = "HumanoidRootPart"
Root_k12.CFrame = cf(0,0,0, 1,0,0, 0,1,0, 0,0,1)
Root_k12.Parent = keyframe12

Left_Leg_k12 = Instance.new("Pose")
Left_Leg_k12.Name = "Left Leg"
Left_Leg_k12.CFrame = cf(-0.517787, -0.007404, -1.044732, -0.992265, 0.010272, -0.123716, 0.008163, 0.999813, 0.017544, 0.123873, 0.016398, -0.992163)
Left_Leg_k12.Parent = Root_k12

Right_Arm_k12 = Instance.new("Pose")
Right_Arm_k12.Name = "Right Arm"
Right_Arm_k12.CFrame = cf(-0.974003, -0.706321, -0.759188, -0.214575, 0.912683, 0.347804, -0.798122, 0.041414, -0.601071, -0.562991, -0.406565, 0.719546)
Right_Arm_k12.Parent = Root_k12

Left_Arm_k12 = Instance.new("Pose")
Left_Arm_k12.Name = "Left Arm"
Left_Arm_k12.CFrame = cf(0.668798, 0.150658, -0.727413, -0.011193, -0.718215, 0.695731, -0.780161, -0.428947, -0.455361, 0.625478, -0.547879, -0.555523)
Left_Arm_k12.Parent = Root_k12

Torso_k12 = Instance.new("Pose")
Torso_k12.Name = "Torso"
Torso_k12.CFrame = cf(-0.010363, 0.024076, 0.027303, 0.999488, 0.004572, -0.031668, -0.005611, 0.999446, -0.032798, 0.031500, 0.032959, 0.998960)
Torso_k12.Parent = Root_k12

Right_Leg_k12 = Instance.new("Pose")
Right_Leg_k12.Name = "Right Leg"
Right_Leg_k12.CFrame = cf(0.490801, -0.007989, -1.028688, -0.998086, 0.015114, 0.059959, 0.015083, 0.999886, -0.000971, -0.059966, -0.000065, -0.998200)
Right_Leg_k12.Parent = Root_k12

Head_k12 = Instance.new("Pose")
Head_k12.Name = "Head"
Head_k12.CFrame = cf(0.004504, 0.516599, -1.006507, 0.999948, 0.009008, -0.004689, -0.008946, 0.999875, 0.013055, 0.004806, -0.013012, 0.999904)
Head_k12.Parent = Root_k12

-- Keyframe 13 (Time: 0.35072854347527027)
keyframe13 = Instance.new("Keyframe")
keyframe13.Time = 0.35072854347527027
keyframe13.Parent = KeyframeSequence

Root_k13 = Instance.new("Pose")
Root_k13.Name = "HumanoidRootPart"
Root_k13.CFrame = cf(0,0,0, 1,0,0, 0,1,0, 0,0,1)
Root_k13.Parent = keyframe13

Left_Leg_k13 = Instance.new("Pose")
Left_Leg_k13.Name = "Left Leg"
Left_Leg_k13.CFrame = cf(-0.517587, -0.007769, -1.048315, -0.991699, 0.009919, -0.128196, 0.007275, 0.999751, 0.021076, 0.128374, 0.019969, -0.991525)
Left_Leg_k13.Parent = Root_k13

Right_Arm_k13 = Instance.new("Pose")
Right_Arm_k13.Name = "Right Arm"
Right_Arm_k13.CFrame = cf(-0.988181, -0.635568, -0.769396, -0.243846, 0.921661, 0.301794, -0.799546, -0.014932, -0.600420, -0.548877, -0.387708, 0.740551)
Right_Arm_k13.Parent = Root_k13

Left_Arm_k13 = Instance.new("Pose")
Left_Arm_k13.Name = "Left Arm"
Left_Arm_k13.CFrame = cf(0.705416, 0.082502, -0.737750, -0.031683, -0.777791, 0.627724, -0.819212, -0.339598, -0.462132, 0.572616, -0.528881, -0.626416)
Left_Arm_k13.Parent = Root_k13

Torso_k13 = Instance.new("Pose")
Torso_k13.Name = "Torso"
Torso_k13.CFrame = cf(-0.010501, 0.024843, 0.025492, 0.999336, 0.004182, -0.036205, -0.005406, 0.999415, -0.033784, 0.036043, 0.033957, 0.998773)
Torso_k13.Parent = Root_k13

Right_Leg_k13 = Instance.new("Pose")
Right_Leg_k13.Name = "Right Leg"
Right_Leg_k13.CFrame = cf(0.491142, -0.008511, -1.029956, -0.998354, 0.014683, 0.055433, 0.014723, 0.999892, 0.000302, -0.055423, 0.001118, -0.998462)
Right_Leg_k13.Parent = Root_k13

Head_k13 = Instance.new("Pose")
Head_k13.Name = "Head"
Head_k13.CFrame = cf(0.004528, 0.516586, -1.007426, 0.999951, 0.009056, -0.003886, -0.008997, 0.999849, 0.014888, 0.004020, -0.014852, 0.999882)
Head_k13.Parent = Root_k13

-- Keyframe 14 (Time: 0.38174602761864662)
keyframe14 = Instance.new("Keyframe")
keyframe14.Time = 0.38174602761864662
keyframe14.Parent = KeyframeSequence

Root_k14 = Instance.new("Pose")
Root_k14.Name = "HumanoidRootPart"
Root_k14.CFrame = cf(0,0,0, 1,0,0, 0,1,0, 0,0,1)
Root_k14.Parent = keyframe14

Left_Leg_k14 = Instance.new("Pose")
Left_Leg_k14.Name = "Left Leg"
Left_Leg_k14.CFrame = cf(-0.516519, -0.009835, -1.069745, -0.987904, 0.008152, -0.154852, 0.001657, 0.999115, 0.042025, 0.155057, 0.041260, -0.987043)
Left_Leg_k14.Parent = Root_k14

Right_Arm_k14 = Instance.new("Pose")
Right_Arm_k14.Name = "Right Arm"
Right_Arm_k14.CFrame = cf(-1.040073, -0.198658, -0.851574, -0.421961, 0.906259, 0.025360, -0.770005, -0.343474, -0.537697, -0.478582, -0.246415, 0.842757)
Right_Arm_k14.Parent = Root_k14

Left_Arm_k14 = Instance.new("Pose")
Left_Arm_k14.Name = "Left Arm"
Left_Arm_k14.CFrame = cf(0.888593, -0.392729, -0.891744, -0.265499, -0.951010, 0.158400, -0.929929, 0.209245, -0.302405, 0.254446, -0.227589, -0.939926)
Left_Arm_k14.Parent = Root_k14

Torso_k14 = Instance.new("Pose")
Torso_k14.Name = "Torso"
Torso_k14.CFrame = cf(-0.011324, 0.029413, 0.014706, 0.997999, 0.001762, -0.063201, -0.004276, 0.999204, -0.039669, 0.063080, 0.039860, 0.997212)
Torso_k14.Parent = Root_k14

Right_Leg_k14 = Instance.new("Pose")
Right_Leg_k14.Name = "Right Leg"
Right_Leg_k14.CFrame = cf(0.492849, -0.011522, -1.037552, -0.999521, 0.012228, 0.028444, 0.012455, 0.999892, 0.007851, -0.028345, 0.008202, -0.999565)
Right_Leg_k14.Parent = Root_k14

Head_k14 = Instance.new("Pose")
Head_k14.Name = "Head"
Head_k14.CFrame = cf(0.004656, 0.516474, -1.012905, 0.999956, 0.009311, 0.000897, -0.009331, 0.999624, 0.025802, -0.000656, -0.025810, 0.999667)
Head_k14.Parent = Root_k14

-- Keyframe 15 (Time: 0.40776069089770317)
keyframe15 = Instance.new("Keyframe")
keyframe15.Time = 0.40776069089770317
keyframe15.Parent = KeyframeSequence

Root_k15 = Instance.new("Pose")
Root_k15.Name = "HumanoidRootPart"
Root_k15.CFrame = cf(0,0,0, 1,0,0, 0,1,0, 0,0,1)
Root_k15.Parent = keyframe15

Left_Leg_k15 = Instance.new("Pose")
Left_Leg_k15.Name = "Left Leg"
Left_Leg_k15.CFrame = cf(-0.516519, -0.009835, -1.069745, -0.987904, 0.008152, -0.154852, 0.001657, 0.999115, 0.042025, 0.155057, 0.041260, -0.987043)
Left_Leg_k15.Parent = Root_k15

Right_Arm_k15 = Instance.new("Pose")
Right_Arm_k15.Name = "Right Arm"
Right_Arm_k15.CFrame = cf(-1.040073, -0.198658, -0.851574, -0.421961, 0.906259, 0.025360, -0.770005, -0.343474, -0.537697, -0.478582, -0.246415, 0.842757)
Right_Arm_k15.Parent = Root_k15

Left_Arm_k15 = Instance.new("Pose")
Left_Arm_k15.Name = "Left Arm"
Left_Arm_k15.CFrame = cf(0.888593, -0.392729, -0.891744, -0.265499, -0.951010, 0.158400, -0.929929, 0.209245, -0.302405, 0.254446, -0.227589, -0.939926)
Left_Arm_k15.Parent = Root_k15

Torso_k15 = Instance.new("Pose")
Torso_k15.Name = "Torso"
Torso_k15.CFrame = cf(-0.011324, 0.029413, 0.014706, 0.997999, 0.001762, -0.063201, -0.004276, 0.999204, -0.039669, 0.063080, 0.039860, 0.997212)
Torso_k15.Parent = Root_k15

Right_Leg_k15 = Instance.new("Pose")
Right_Leg_k15.Name = "Right Leg"
Right_Leg_k15.CFrame = cf(0.492849, -0.011522, -1.037552, -0.999521, 0.012228, 0.028444, 0.012455, 0.999892, 0.007851, -0.028345, 0.008202, -0.999565)
Right_Leg_k15.Parent = Root_k15

Head_k15 = Instance.new("Pose")
Head_k15.Name = "Head"
Head_k15.CFrame = cf(0.004656, 0.516474, -1.012905, 0.999956, 0.009311, 0.000897, -0.009331, 0.999624, 0.025802, -0.000656, -0.025810, 0.999667)
Head_k15.Parent = Root_k15

-- Keyframe 16 (Time: 0.43320163525640965)
keyframe16 = Instance.new("Keyframe")
keyframe16.Time = 0.43320163525640965
keyframe16.Parent = KeyframeSequence

Root_k16 = Instance.new("Pose")
Root_k16.Name = "HumanoidRootPart"
Root_k16.CFrame = cf(0,0,0, 1,0,0, 0,1,0, 0,0,1)
Root_k16.Parent = keyframe16

Left_Leg_k16 = Instance.new("Pose")
Left_Leg_k16.Name = "Left Leg"
Left_Leg_k16.CFrame = cf(-0.512714, -0.012097, -1.068494, -0.988123, 0.004367, -0.153601, -0.001789, 0.999201, 0.039915, 0.153653, 0.039716, -0.987326)
Left_Leg_k16.Parent = Root_k16

Right_Arm_k16 = Instance.new("Pose")
Right_Arm_k16.Name = "Right Arm"
Right_Arm_k16.CFrame = cf(-0.998538, 0.024698, -0.831764, -0.586626, 0.801384, -0.116845, -0.661504, -0.557386, -0.501731, -0.467207, -0.217035, 0.857096)
Right_Arm_k16.Parent = Root_k16

Left_Arm_k16 = Instance.new("Pose")
Left_Arm_k16.Name = "Left Arm"
Left_Arm_k16.CFrame = cf(0.879003, -0.597276, -0.959139, -0.440592, -0.897112, 0.032699, -0.845053, 0.402182, -0.352328, 0.302927, -0.182865, -0.935305)
Left_Arm_k16.Parent = Root_k16

Torso_k16 = Instance.new("Pose")
Torso_k16.Name = "Torso"
Torso_k16.CFrame = cf(-0.011550, 0.024037, 0.007158, 0.998082, -0.000745, -0.061898, -0.001503, 0.999341, -0.036265, 0.061884, 0.036288, 0.997423)
Torso_k16.Parent = Root_k16

Right_Leg_k16 = Instance.new("Pose")
Right_Leg_k16.Name = "Right Leg"
Right_Leg_k16.CFrame = cf(0.496734, -0.013720, -1.036756, -0.999519, 0.008386, 0.029857, 0.008596, 0.999939, 0.006915, -0.029797, 0.007168, -0.999530)
Right_Leg_k16.Parent = Root_k16

Head_k16 = Instance.new("Pose")
Head_k16.Name = "Head"
Head_k16.CFrame = cf(0.005664, 0.516450, -1.013405, 0.999857, 0.011327, -0.012549, -0.010986, 0.999576, 0.026951, 0.012849, -0.026809, 0.999558)
Head_k16.Parent = Root_k16

-- Keyframe 17 (Time: 0.4580962099134922)
keyframe17 = Instance.new("Keyframe")
keyframe17.Time = 0.4580962099134922
keyframe17.Parent = KeyframeSequence

Root_k17 = Instance.new("Pose")
Root_k17.Name = "HumanoidRootPart"
Root_k17.CFrame = cf(0,0,0, 1,0,0, 0,1,0, 0,0,1)
Root_k17.Parent = keyframe17

Left_Leg_k17 = Instance.new("Pose")
Left_Leg_k17.Name = "Left Leg"
Left_Leg_k17.CFrame = cf(-0.509180, -0.014182, -1.067326, -0.988313, 0.000858, -0.152434, -0.004988, 0.999267, 0.037962, 0.152355, 0.038278, -0.987584)
Left_Leg_k17.Parent = Root_k17

Right_Arm_k17 = Instance.new("Pose")
Right_Arm_k17.Name = "Right Arm"
Right_Arm_k17.CFrame = cf(-0.924623, 0.233956, -0.817813, -0.712178, 0.660534, -0.237692, -0.528109, -0.727194, -0.438508, -0.462498, -0.186769, 0.866726)
Right_Arm_k17.Parent = Root_k17

Left_Arm_k17 = Instance.new("Pose")
Left_Arm_k17.Name = "Left Arm"
Left_Arm_k17.CFrame = cf(0.839904, -0.796867, -1.019959, -0.580550, -0.809183, -0.090467, -0.733441, 0.567963, -0.373473, 0.353590, -0.150468, -0.923219)
Left_Arm_k17.Parent = Root_k17

Torso_k17 = Instance.new("Pose")
Torso_k17.Name = "Torso"
Torso_k17.CFrame = cf(-0.011759, 0.019050, 0.000155, 0.998151, -0.003075, -0.060697, 0.001066, 0.999451, -0.033103, 0.060766, 0.032977, 0.997607)
Torso_k17.Parent = Root_k17

Right_Leg_k17 = Instance.new("Pose")
Right_Leg_k17.Name = "Right Leg"
Right_Leg_k17.CFrame = cf(0.500330, -0.015745, -1.036015, -0.999502, 0.004824, 0.031171, 0.005015, 0.999969, 0.006051, -0.031141, 0.006204, -0.999496)
Right_Leg_k17.Parent = Root_k17

Head_k17 = Instance.new("Pose")
Head_k17.Name = "Head"
Head_k17.CFrame = cf(0.006605, 0.516426, -1.013857, 0.999600, 0.013211, -0.025021, -0.012508, 0.999529, 0.028038, 0.025380, -0.027714, 0.999294)
Head_k17.Parent = Root_k17

-- Keyframe 18 (Time: 0.48299078457057476)
keyframe18 = Instance.new("Keyframe")
keyframe18.Time = 0.48299078457057476
keyframe18.Parent = KeyframeSequence

Root_k18 = Instance.new("Pose")
Root_k18.Name = "HumanoidRootPart"
Root_k18.CFrame = cf(0,0,0, 1,0,0, 0,1,0, 0,0,1)
Root_k18.Parent = keyframe18

Left_Leg_k18 = Instance.new("Pose")
Left_Leg_k18.Name = "Left Leg"
Left_Leg_k18.CFrame = cf(-0.509180, -0.014182, -1.067326, -0.988313, 0.000858, -0.152434, -0.004988, 0.999267, 0.037962, 0.152355, 0.038278, -0.987584)
Left_Leg_k18.Parent = Root_k18

Right_Arm_k18 = Instance.new("Pose")
Right_Arm_k18.Name = "Right Arm"
Right_Arm_k18.CFrame = cf(-0.924623, 0.233956, -0.817813, -0.712178, 0.660535, -0.237692, -0.528109, -0.727194, -0.438508, -0.462498, -0.186769, 0.866726)
Right_Arm_k18.Parent = Root_k18

Left_Arm_k18 = Instance.new("Pose")
Left_Arm_k18.Name = "Left Arm"
Left_Arm_k18.CFrame = cf(0.839904, -0.796867, -1.019959, -0.580550, -0.809183, -0.090467, -0.733441, 0.567963, -0.373473, 0.353590, -0.150468, -0.923219)
Left_Arm_k18.Parent = Root_k18

Torso_k18 = Instance.new("Pose")
Torso_k18.Name = "Torso"
Torso_k18.CFrame = cf(-0.011759, 0.019050, 0.000155, 0.998151, -0.003075, -0.060697, 0.001066, 0.999451, -0.033103, 0.060766, 0.032977, 0.997607)
Torso_k18.Parent = Root_k18

Right_Leg_k18 = Instance.new("Pose")
Right_Leg_k18.Name = "Right Leg"
Right_Leg_k18.CFrame = cf(0.500330, -0.015745, -1.036015, -0.999502, 0.004824, 0.031171, 0.005015, 0.999969, 0.006051, -0.031141, 0.006204, -0.999496)
Right_Leg_k18.Parent = Root_k18

Head_k18 = Instance.new("Pose")
Head_k18.Name = "Head"
Head_k18.CFrame = cf(0.006605, 0.516426, -1.013857, 0.999600, 0.013211, -0.025021, -0.012508, 0.999529, 0.028038, 0.025380, -0.027714, 0.999294)
Head_k18.Parent = Root_k18

-- Keyframe 19 (Time: 0.5068895760923624)
keyframe19 = Instance.new("Keyframe")
keyframe19.Time = 0.5068895760923624
keyframe19.Parent = KeyframeSequence

Root_k19 = Instance.new("Pose")
Root_k19.Name = "HumanoidRootPart"
Root_k19.CFrame = cf(0,0,0, 1,0,0, 0,1,0, 0,0,1)
Root_k19.Parent = keyframe19

Left_Leg_k19 = Instance.new("Pose")
Left_Leg_k19.Name = "Left Leg"
Left_Leg_k19.CFrame = cf(-0.496625, -0.011148, -0.996803, -0.990183, 0.004494, -0.139703, -0.008161, 0.995919, 0.089880, 0.139537, 0.090138, -0.986106)
Left_Leg_k19.Parent = Root_k19

Right_Arm_k19 = Instance.new("Pose")
Right_Arm_k19.Name = "Right Arm"
Right_Arm_k19.CFrame = cf(-0.797331, 0.396687, -0.807005, -0.822176, 0.447912, -0.351287, -0.317579, -0.873086, -0.369953, -0.472410, -0.192605, 0.860077)
Right_Arm_k19.Parent = Root_k19

Left_Arm_k19 = Instance.new("Pose")
Left_Arm_k19.Name = "Left Arm"
Left_Arm_k19.CFrame = cf(0.744078, -1.029861, -0.899791, -0.805772, -0.579553, -0.121863, -0.419939, 0.704228, -0.572463, 0.417592, -0.410099, -0.810824)
Left_Arm_k19.Parent = Root_k19

Torso_k19 = Instance.new("Pose")
Torso_k19.Name = "Torso"
Torso_k19.CFrame = cf(-0.011142, 0.008110, -0.002446, 0.998846, -0.005572, -0.047695, 0.004321, 0.999645, -0.026302, 0.047824, 0.026065, 0.998516)
Torso_k19.Parent = Root_k19

Right_Leg_k19 = Instance.new("Pose")
Right_Leg_k19.Name = "Right Leg"
Right_Leg_k19.CFrame = cf(0.502286, -0.013163, -0.980542, -0.999026, -0.002575, 0.044053, -0.000111, 0.998440, 0.055829, -0.044128, 0.055770, -0.997468)
Right_Leg_k19.Parent = Root_k19

Head_k19 = Instance.new("Pose")
Head_k19.Name = "Head"
Head_k19.CFrame = cf(0.008061, 0.516421, -1.013247, 0.998811, 0.016122, -0.045999, -0.014880, 0.999519, 0.027210, 0.046416, -0.026493, 0.998571)
Head_k19.Parent = Root_k19

-- Keyframe 20 (Time: 0.53574139997363091)
keyframe20 = Instance.new("Keyframe")
keyframe20.Time = 0.53574139997363091
keyframe20.Parent = KeyframeSequence

Root_k20 = Instance.new("Pose")
Root_k20.Name = "HumanoidRootPart"
Root_k20.CFrame = cf(0,0,0, 1,0,0, 0,1,0, 0,0,1)
Root_k20.Parent = keyframe20

Left_Leg_k20 = Instance.new("Pose")
Left_Leg_k20.Name = "Left Leg"
Left_Leg_k20.CFrame = cf(-0.485223, -0.006102, -0.936031, -0.991672, 0.007083, -0.128593, -0.010349, 0.990874, 0.134392, 0.128371, 0.134604, -0.982549)
Left_Leg_k20.Parent = Root_k20

Right_Arm_k20 = Instance.new("Pose")
Right_Arm_k20.Name = "Right Arm"
Right_Arm_k20.CFrame = cf(-0.651635, 0.521264, -0.795741, -0.869593, 0.239859, -0.431596, -0.118703, -0.950003, -0.288798, -0.479288, -0.199905, 0.854588)
Right_Arm_k20.Parent = Root_k20

Left_Arm_k20 = Instance.new("Pose")
Left_Arm_k20.Name = "Left Arm"
Left_Arm_k20.CFrame = cf(0.599523, -1.195331, -0.756813, -0.918265, -0.339063, -0.204512, -0.104626, 0.705897, -0.700544, 0.381893, -0.621888, -0.683676)
Left_Arm_k20.Parent = Root_k20

Torso_k20 = Instance.new("Pose")
Torso_k20.Name = "Torso"
Torso_k20.CFrame = cf(-0.010611, -0.001303, -0.004685, 0.999303, -0.007793, -0.036516, 0.007051, 0.999767, -0.020416, 0.036666, 0.020144, 0.999124)
Torso_k20.Parent = Root_k20

Right_Leg_k20 = Instance.new("Pose")
Right_Leg_k20.Name = "Right Leg"
Right_Leg_k20.CFrame = cf(0.504392, -0.009197, -0.932529, -0.998451, -0.009445, 0.054823, -0.003999, 0.995119, 0.098603, -0.055487, 0.098231, -0.993616)
Right_Leg_k20.Parent = Root_k20

Head_k20 = Instance.new("Pose")
Head_k20.Name = "Head"
Head_k20.CFrame = cf(0.009303, 0.516414, -1.012697, 0.997774, 0.018606, -0.064035, -0.016935, 0.999504, 0.026537, 0.064497, -0.025393, 0.997595)
Head_k20.Parent = Root_k20

-- Keyframe 21 (Time: 0.56083472445607185)
keyframe21 = Instance.new("Keyframe")
keyframe21.Time = 0.56083472445607185
keyframe21.Parent = KeyframeSequence

Root_k21 = Instance.new("Pose")
Root_k21.Name = "HumanoidRootPart"
Root_k21.CFrame = cf(0,0,0, 1,0,0, 0,1,0, 0,0,1)
Root_k21.Parent = keyframe21

Left_Leg_k21 = Instance.new("Pose")
Left_Leg_k21.Name = "Left Leg"
Left_Leg_k21.CFrame = cf(-0.484535, -0.004654, -0.929842, -0.991943, 0.006885, -0.126501, -0.010654, 0.990452, 0.137447, 0.126240, 0.137688, -0.982398)
Left_Leg_k21.Parent = Root_k21

Right_Arm_k21 = Instance.new("Pose")
Right_Arm_k21.Name = "Right Arm"
Right_Arm_k21.CFrame = cf(-0.637390, 0.530476, -0.792903, -0.876228, 0.212082, -0.432718, -0.087221, -0.952915, -0.290422, -0.473937, -0.216734, 0.853469)
Right_Arm_k21.Parent = Root_k21

Left_Arm_k21 = Instance.new("Pose")
Left_Arm_k21.Name = "Left Arm"
Left_Arm_k21.CFrame = cf(0.563496, -1.226192, -0.705434, -0.941356, -0.264464, -0.209541, -0.035427, 0.695055, -0.718083, 0.335550, -0.668549, -0.663663)
Left_Arm_k21.Parent = Root_k21

Torso_k21 = Instance.new("Pose")
Torso_k21.Name = "Torso"
Torso_k21.CFrame = cf(-0.010288, -0.003279, -0.004728, 0.999378, -0.007961, -0.034365, 0.007290, 0.999781, -0.019599, 0.034514, 0.019336, 0.999217)
Torso_k21.Parent = Root_k21

Right_Leg_k21 = Instance.new("Pose")
Right_Leg_k21.Name = "Right Leg"
Right_Leg_k21.CFrame = cf(0.504280, -0.008028, -0.927435, -0.998328, -0.010470, 0.056855, -0.004569, 0.994677, 0.102936, -0.057630, 0.102504, -0.993062)
Right_Leg_k21.Parent = Root_k21

Head_k21 = Instance.new("Pose")
Head_k21.Name = "Head"
Head_k21.CFrame = cf(0.010145, 0.516397, -1.012724, 0.997570, 0.020291, -0.066659, -0.018542, 0.999470, 0.026748, 0.067166, -0.025447, 0.997417)
Head_k21.Parent = Root_k21

-- Keyframe 22 (Time: 0.58392058312892914)
keyframe22 = Instance.new("Keyframe")
keyframe22.Time = 0.58392058312892914
keyframe22.Parent = KeyframeSequence

Root_k22 = Instance.new("Pose")
Root_k22.Name = "HumanoidRootPart"
Root_k22.CFrame = cf(0,0,0, 1,0,0, 0,1,0, 0,0,1)
Root_k22.Parent = keyframe22

Left_Leg_k22 = Instance.new("Pose")
Left_Leg_k22.Name = "Left Leg"
Left_Leg_k22.CFrame = cf(-0.478130, 0.008596, -0.875526, -0.994121, 0.004866, -0.108168, -0.013039, 0.986339, 0.164211, 0.107489, 0.164656, -0.980477)
Left_Leg_k22.Parent = Root_k22

Right_Arm_k22 = Instance.new("Pose")
Right_Arm_k22.Name = "Right Arm"
Right_Arm_k22.CFrame = cf(-0.489230, 0.589788, -0.760880, -0.894819, -0.038400, -0.444774, 0.190414, -0.933952, -0.302450, -0.403784, -0.355330, 0.843030)
Right_Arm_k22.Parent = Root_k22

Left_Arm_k22 = Instance.new("Pose")
Left_Arm_k22.Name = "Left Arm"
Left_Arm_k22.CFrame = cf(0.080301, -1.319579, -0.291435, -0.840101, 0.420500, -0.342652, 0.492036, 0.324854, -0.807694, -0.228324, -0.847142, -0.479812)
Left_Arm_k22.Parent = Root_k22

Torso_k22 = Instance.new("Pose")
Torso_k22.Name = "Torso"
Torso_k22.CFrame = cf(-0.007459, -0.020611, -0.005104, 0.999835, -0.009506, -0.015506, 0.009314, 0.999880, -0.012409, 0.015622, 0.012263, 0.999803)
Torso_k22.Parent = Root_k22

Right_Leg_k22 = Instance.new("Pose")
Right_Leg_k22.Name = "Right Leg"
Right_Leg_k22.CFrame = cf(0.503566, 0.002845, -0.882540, -0.997026, -0.019829, 0.074467, -0.009166, 0.989983, 0.140888, -0.076515, 0.139787, -0.987221)
Right_Leg_k22.Parent = Root_k22

Head_k22 = Instance.new("Pose")
Head_k22.Name = "Head"
Head_k22.CFrame = cf(0.017536, 0.516189, -1.012861, 0.995357, 0.035072, -0.089633, -0.032610, 0.999054, 0.028778, 0.090557, -0.025722, 0.995559)
Head_k22.Parent = Root_k22

-- Keyframe 23 (Time: 0.61001764051616192)
keyframe23 = Instance.new("Keyframe")
keyframe23.Time = 0.61001764051616192
keyframe23.Parent = KeyframeSequence

Root_k23 = Instance.new("Pose")
Root_k23.Name = "HumanoidRootPart"
Root_k23.CFrame = cf(0,0,0, 1,0,0, 0,1,0, 0,0,1)
Root_k23.Parent = keyframe23

Left_Leg_k23 = Instance.new("Pose")
Left_Leg_k23.Name = "Left Leg"
Left_Leg_k23.CFrame = cf(-0.476149, 0.012615, -0.859783, -0.994686, 0.004188, -0.102865, -0.013635, 0.985012, 0.171944, 0.102043, 0.172433, -0.979721)
Left_Leg_k23.Parent = Root_k23

Right_Arm_k23 = Instance.new("Pose")
Right_Arm_k23.Name = "Right Arm"
Right_Arm_k23.CFrame = cf(-0.439807, 0.598366, -0.750350, -0.886735, -0.110512, -0.448875, 0.268304, -0.913757, -0.305060, -0.376450, -0.390942, 0.839911)
Right_Arm_k23.Parent = Root_k23

Left_Arm_k23 = Instance.new("Pose")
Left_Arm_k23.Name = "Left Arm"
Left_Arm_k23.CFrame = cf(-0.081858, -1.280485, -0.215720, -0.717720, 0.570283, -0.399569, 0.572842, 0.157318, -0.804427, -0.395892, -0.806243, -0.439592)
Left_Arm_k23.Parent = Root_k23

Torso_k23 = Instance.new("Pose")
