local KeyframeSequence = Instance.new("KeyframeSequence")
KeyframeSequence.Name = "Captured"
local cf = CFrame.new
print('your mom')

-- Keyframe 1 (Time: 0.027038367465138435)
keyframe1 = Instance.new("Keyframe")
keyframe1.Time = 0.027038367465138435
keyframe1.Parent = KeyframeSequence

Root_k1 = Instance.new("Pose")
Root_k1.Name = "HumanoidRootPart"
Root_k1.CFrame = cf(0,0,0, 1,0,0, 0,1,0, 0,0,1)
Root_k1.Parent = keyframe1

Left_Leg_k1 = Instance.new("Pose")
Left_Leg_k1.Name = "Left Leg"
Left_Leg_k1.CFrame = cf(0.000000, 0.031154, 0.000000, 1.000000, 0.000000, 0.000000, 0.000000, 1.000000, 0.000000, 0.000000, 0.000000, 1.000000)
Left_Leg_k1.Parent = Root_k1

Right_Arm_k1 = Instance.new("Pose")
Right_Arm_k1.Name = "Right Arm"
Right_Arm_k1.CFrame = cf(0.000000, -0.007344, -0.000000, 0.999910, -0.008197, 0.010583, 0.008181, 0.999965, 0.001565, -0.010595, -0.001479, 0.999943)
Right_Arm_k1.Parent = Root_k1

Left_Arm_k1 = Instance.new("Pose")
Left_Arm_k1.Name = "Left Arm"
Left_Arm_k1.CFrame = cf(0.000000, -0.019579, -0.000000, 0.999833, 0.003590, -0.017920, -0.003513, 0.999985, 0.004296, 0.017935, -0.004233, 0.999830)
Left_Arm_k1.Parent = Root_k1

Torso_k1 = Instance.new("Pose")
Torso_k1.Name = "Torso"
Torso_k1.CFrame = cf(0.000000, 0.000000, 0.000000, 1.000000, 0.000000, 0.000000, 0.000000, 1.000000, 0.000000, 0.000000, 0.000000, 1.000000)
Torso_k1.Parent = Root_k1

Right_Leg_k1 = Instance.new("Pose")
Right_Leg_k1.Name = "Right Leg"
Right_Leg_k1.CFrame = cf(0.000000, 0.025116, 0.000000, 1.000000, 0.000000, 0.000000, 0.000000, 1.000000, 0.000000, 0.000000, 0.000000, 1.000000)
Right_Leg_k1.Parent = Root_k1

Head_k1 = Instance.new("Pose")
Head_k1.Name = "Head"
Head_k1.CFrame = cf(-0.000000, -0.000000, -0.000000, 0.999998, -0.001785, -0.000000, 0.001785, 0.999998, 0.000590, -0.000001, -0.000590, 1.000000)
Head_k1.Parent = Root_k1

-- Keyframe 2 (Time: 0.049927227199077606)
keyframe2 = Instance.new("Keyframe")
keyframe2.Time = 0.049927227199077606
keyframe2.Parent = KeyframeSequence

Root_k2 = Instance.new("Pose")
Root_k2.Name = "HumanoidRootPart"
Root_k2.CFrame = cf(0,0,0, 1,0,0, 0,1,0, 0,0,1)
Root_k2.Parent = keyframe2

Left_Leg_k2 = Instance.new("Pose")
Left_Leg_k2.Name = "Left Leg"
Left_Leg_k2.CFrame = cf(-0.253694, 0.020729, 0.022142, 0.981744, -0.165125, 0.094402, 0.165679, 0.986178, 0.001996, -0.093426, 0.013681, 0.995532)
Left_Leg_k2.Parent = Root_k2

Right_Arm_k2 = Instance.new("Pose")
Right_Arm_k2.Name = "Right Arm"
Right_Arm_k2.CFrame = cf(0.643740, 0.139751, -0.190788, 0.572543, -0.800260, -0.178264, 0.285807, 0.398603, -0.871453, 0.768446, 0.447995, 0.456937)
Right_Arm_k2.Parent = Root_k2

Left_Arm_k2 = Instance.new("Pose")
Left_Arm_k2.Name = "Left Arm"
Left_Arm_k2.CFrame = cf(-0.687882, 0.564592, -0.547328, -0.904485, 0.416901, -0.090002, -0.416901, -0.819677, 0.392841, 0.090002, 0.392841, 0.915192)
Left_Arm_k2.Parent = Root_k2

Torso_k2 = Instance.new("Pose")
Torso_k2.Name = "Torso"
Torso_k2.CFrame = cf(0.000000, 0.000000, 0.000000, 1.000000, 0.000000, 0.000000, 0.000000, 1.000000, 0.000000, 0.000000, 0.000000, 1.000000)
Torso_k2.Parent = Root_k2

Right_Leg_k2 = Instance.new("Pose")
Right_Leg_k2.Name = "Right Leg"
Right_Leg_k2.CFrame = cf(0.262994, 0.021826, 0.021567, 0.981791, 0.167461, -0.089684, -0.167987, 0.985788, 0.001706, 0.088695, 0.013391, 0.995969)
Right_Leg_k2.Parent = Root_k2

Head_k2 = Instance.new("Pose")
Head_k2.Name = "Head"
Head_k2.CFrame = cf(0.000000, -0.000001, 0.016662, 0.999928, -0.011903, 0.001291, 0.011920, 0.999834, -0.013803, -0.001126, 0.013817, 0.999904)
Head_k2.Parent = Root_k2

-- Keyframe 3 (Time: 0.074927153065800667)
keyframe3 = Instance.new("Keyframe")
keyframe3.Time = 0.074927153065800667
keyframe3.Parent = KeyframeSequence

Root_k3 = Instance.new("Pose")
Root_k3.Name = "HumanoidRootPart"
Root_k3.CFrame = cf(0,0,0, 1,0,0, 0,1,0, 0,0,1)
Root_k3.Parent = keyframe3

Left_Leg_k3 = Instance.new("Pose")
Left_Leg_k3.Name = "Left Leg"
Left_Leg_k3.CFrame = cf(-0.249104, 0.020584, 0.018611, 0.984655, -0.153168, 0.083630, 0.153640, 0.988127, 0.000798, -0.082759, 0.012063, 0.996497)
Left_Leg_k3.Parent = Root_k3

Right_Arm_k3 = Instance.new("Pose")
Right_Arm_k3.Name = "Right Arm"
Right_Arm_k3.CFrame = cf(0.635085, 0.131702, -0.170750, 0.584640, -0.786824, -0.197746, 0.273394, 0.420558, -0.865093, 0.763840, 0.451706, 0.460988)
Right_Arm_k3.Parent = Root_k3

Left_Arm_k3 = Instance.new("Pose")
Left_Arm_k3.Name = "Left Arm"
Left_Arm_k3.CFrame = cf(-0.685640, 0.596744, -0.462045, -0.890589, 0.450097, 0.065302, -0.387140, -0.825580, 0.410537, 0.238693, 0.340339, 0.909503)
Left_Arm_k3.Parent = Root_k3

Torso_k3 = Instance.new("Pose")
Torso_k3.Name = "Torso"
Torso_k3.CFrame = cf(0.000000, 0.000000, 0.000000, 1.000000, 0.000000, 0.000000, 0.000000, 1.000000, 0.000000, 0.000000, 0.000000, 1.000000)
Torso_k3.Parent = Root_k3

Right_Leg_k3 = Instance.new("Pose")
Right_Leg_k3.Name = "Right Leg"
Right_Leg_k3.CFrame = cf(0.247673, 0.020875, 0.023274, 0.981789, 0.161239, -0.100461, -0.161842, 0.986814, 0.002177, 0.099488, 0.014121, 0.994939)
Right_Leg_k3.Parent = Root_k3

Head_k3 = Instance.new("Pose")
Head_k3.Name = "Head"
Head_k3.CFrame = cf(0.000000, -0.000000, 0.016662, 1.000000, -0.000131, -0.000388, 0.000128, 0.999969, -0.007812, 0.000389, 0.007812, 0.999969)
Head_k3.Parent = Root_k3

-- Keyframe 4 (Time: 0.099927078932523727)
keyframe4 = Instance.new("Keyframe")
keyframe4.Time = 0.099927078932523727
keyframe4.Parent = KeyframeSequence

Root_k4 = Instance.new("Pose")
Root_k4.Name = "HumanoidRootPart"
Root_k4.CFrame = cf(0,0,0, 1,0,0, 0,1,0, 0,0,1)
Root_k4.Parent = keyframe4

Left_Leg_k4 = Instance.new("Pose")
Left_Leg_k4.Name = "Left Leg"
Left_Leg_k4.CFrame = cf(-0.244513, 0.020438, 0.015080, 0.987302, -0.141172, 0.072834, 0.141567, 0.989929, -0.000267, -0.072063, 0.010575, 0.997344)
Left_Leg_k4.Parent = Root_k4

Right_Arm_k4 = Instance.new("Pose")
Right_Arm_k4.Name = "Right Arm"
Right_Arm_k4.CFrame = cf(0.626429, 0.123652, -0.150712, 0.596384, -0.772803, -0.217030, 0.260659, 0.442172, -0.858220, 0.759199, 0.455257, 0.465142)
Right_Arm_k4.Parent = Root_k4

Left_Arm_k4 = Instance.new("Pose")
Left_Arm_k4.Name = "Left Arm"
Left_Arm_k4.CFrame = cf(-0.683399, 0.628897, -0.376763, -0.852777, 0.474493, 0.218238, -0.355366, -0.833377, 0.423318, 0.382736, 0.283442, 0.879303)
Left_Arm_k4.Parent = Root_k4

Torso_k4 = Instance.new("Pose")
Torso_k4.Name = "Torso"
Torso_k4.CFrame = cf(0.000000, 0.000000, 0.000000, 1.000000, 0.000000, 0.000000, 0.000000, 1.000000, 0.000000, 0.000000, 0.000000, 1.000000)
Torso_k4.Parent = Root_k4

Right_Leg_k4 = Instance.new("Pose")
Right_Leg_k4.Name = "Right Leg"
Right_Leg_k4.CFrame = cf(0.232351, 0.019924, 0.024981, 0.981632, 0.155004, -0.111230, -0.155686, 0.987803, 0.002582, 0.110274, 0.014783, 0.993791)
Right_Leg_k4.Parent = Root_k4

Head_k4 = Instance.new("Pose")
Head_k4.Name = "Head"
Head_k4.CFrame = cf(0.000000, 0.000000, 0.016662, 0.999930, 0.011651, -0.001996, -0.011654, 0.999930, -0.001801, 0.001975, 0.001824, 0.999996)
Head_k4.Parent = Root_k4

-- Keyframe 5 (Time: 0.12192701362073421)
keyframe5 = Instance.new("Keyframe")
keyframe5.Time = 0.12192701362073421
keyframe5.Parent = KeyframeSequence

Root_k5 = Instance.new("Pose")
Root_k5.Name = "HumanoidRootPart"
Root_k5.CFrame = cf(0,0,0, 1,0,0, 0,1,0, 0,0,1)
Root_k5.Parent = keyframe5

Left_Leg_k5 = Instance.new("Pose")
Left_Leg_k5.Name = "Left Leg"
Left_Leg_k5.CFrame = cf(-0.244513, 0.020438, 0.015080, 0.987302, -0.141172, 0.072834, 0.141567, 0.989929, -0.000267, -0.072063, 0.010575, 0.997344)
Left_Leg_k5.Parent = Root_k5

Right_Arm_k5 = Instance.new("Pose")
Right_Arm_k5.Name = "Right Arm"
Right_Arm_k5.CFrame = cf(0.626429, 0.123652, -0.150712, 0.596384, -0.772803, -0.217030, 0.260659, 0.442172, -0.858220, 0.759199, 0.455257, 0.465142)
Right_Arm_k5.Parent = Root_k5

Left_Arm_k5 = Instance.new("Pose")
Left_Arm_k5.Name = "Left Arm"
Left_Arm_k5.CFrame = cf(-0.683399, 0.628897, -0.376763, -0.852777, 0.474493, 0.218238, -0.355365, -0.833377, 0.423318, 0.382736, 0.283442, 0.879303)
Left_Arm_k5.Parent = Root_k5

Torso_k5 = Instance.new("Pose")
Torso_k5.Name = "Torso"
Torso_k5.CFrame = cf(0.000000, 0.000000, 0.000000, 1.000000, 0.000000, 0.000000, 0.000000, 1.000000, 0.000000, 0.000000, 0.000000, 1.000000)
Torso_k5.Parent = Root_k5

Right_Leg_k5 = Instance.new("Pose")
Right_Leg_k5.Name = "Right Leg"
Right_Leg_k5.CFrame = cf(0.232351, 0.019924, 0.024981, 0.981632, 0.155004, -0.111230, -0.155686, 0.987803, 0.002582, 0.110274, 0.014783, 0.993791)
Right_Leg_k5.Parent = Root_k5

Head_k5 = Instance.new("Pose")
Head_k5.Name = "Head"
Head_k5.CFrame = cf(0.000000, 0.000000, 0.016662, 0.999930, 0.011651, -0.001996, -0.011654, 0.999930, -0.001801, 0.001975, 0.001824, 0.999996)
Head_k5.Parent = Root_k5

-- Keyframe 6 (Time: 0.14492694474756718)
keyframe6 = Instance.new("Keyframe")
keyframe6.Time = 0.14492694474756718
keyframe6.Parent = KeyframeSequence

Root_k6 = Instance.new("Pose")
Root_k6.Name = "HumanoidRootPart"
Root_k6.CFrame = cf(0,0,0, 1,0,0, 0,1,0, 0,0,1)
Root_k6.Parent = keyframe6

Left_Leg_k6 = Instance.new("Pose")
Left_Leg_k6.Name = "Left Leg"
Left_Leg_k6.CFrame = cf(-0.207827, 0.014726, 0.009497, 0.992151, -0.110078, 0.059331, 0.110459, 0.993876, -0.003187, -0.058616, 0.009715, 0.998233)
Left_Leg_k6.Parent = Root_k6

Right_Arm_k6 = Instance.new("Pose")
Right_Arm_k6.Name = "Right Arm"
Right_Arm_k6.CFrame = cf(0.615758, 0.042549, -0.069675, 0.550333, -0.786123, -0.281326, 0.273426, 0.488044, -0.828885, 0.788906, 0.379241, 0.483533)
Right_Arm_k6.Parent = Root_k6

Left_Arm_k6 = Instance.new("Pose")
Left_Arm_k6.Name = "Left Arm"
Left_Arm_k6.CFrame = cf(-0.665123, 0.593662, -0.189255, -0.703557, 0.489049, 0.515595, -0.291784, -0.860358, 0.417906, 0.647973, 0.143579, 0.748008)
Left_Arm_k6.Parent = Root_k6

Torso_k6 = Instance.new("Pose")
Torso_k6.Name = "Torso"
Torso_k6.CFrame = cf(0.000000, 0.000000, 0.000000, 1.000000, 0.000000, 0.000000, 0.000000, 1.000000, 0.000000, 0.000000, 0.000000, 1.000000)
Torso_k6.Parent = Root_k6

Right_Leg_k6 = Instance.new("Pose")
Right_Leg_k6.Name = "Right Leg"
Right_Leg_k6.CFrame = cf(0.185701, 0.015900, 0.022739, 0.983263, 0.132843, -0.124690, -0.133292, 0.991065, 0.004772, 0.124210, 0.011928, 0.992184)
Right_Leg_k6.Parent = Root_k6

Head_k6 = Instance.new("Pose")
Head_k6.Name = "Head"
Head_k6.CFrame = cf(0.000000, 0.000000, 0.016662, 0.999546, 0.029637, -0.005424, -0.029591, 0.999528, 0.008303, 0.005667, -0.008139, 0.999951)
Head_k6.Parent = Root_k6

-- Keyframe 7 (Time: 0.16988730244338512)
keyframe7 = Instance.new("Keyframe")
keyframe7.Time = 0.16988730244338512
keyframe7.Parent = KeyframeSequence

Root_k7 = Instance.new("Pose")
Root_k7.Name = "HumanoidRootPart"
Root_k7.CFrame = cf(0,0,0, 1,0,0, 0,1,0, 0,0,1)
Root_k7.Parent = keyframe7

Left_Leg_k7 = Instance.new("Pose")
Left_Leg_k7.Name = "Left Leg"
Left_Leg_k7.CFrame = cf(-0.185815, 0.011299, 0.006148, 0.994502, -0.091363, 0.051182, 0.091723, 0.995773, -0.004734, -0.050533, 0.009403, 0.998678)
Left_Leg_k7.Parent = Root_k7

Right_Arm_k7 = Instance.new("Pose")
Right_Arm_k7.Name = "Right Arm"
Right_Arm_k7.CFrame = cf(0.609356, -0.006113, -0.021052, 0.521971, -0.790689, -0.319932, 0.282470, 0.514156, -0.809849, 0.804833, 0.332347, 0.491720)
Right_Arm_k7.Parent = Root_k7

Left_Arm_k7 = Instance.new("Pose")
Left_Arm_k7.Name = "Left Arm"
Left_Arm_k7.CFrame = cf(-0.654157, 0.572521, -0.076751, -0.574021, 0.474891, 0.667067, -0.256743, -0.877950, 0.404088, 0.777549, 0.060690, 0.625887)
Left_Arm_k7.Parent = Root_k7

Torso_k7 = Instance.new("Pose")
Torso_k7.Name = "Torso"
Torso_k7.CFrame = cf(0.000000, 0.000000, 0.000000, 1.000000, 0.000000, 0.000000, 0.000000, 1.000000, 0.000000, 0.000000, 0.000000, 1.000000)
Torso_k7.Parent = Root_k7

Right_Leg_k7 = Instance.new("Pose")
Right_Leg_k7.Name = "Right Leg"
Right_Leg_k7.CFrame = cf(0.157710, 0.013485, 0.021394, 0.983912, 0.119533, -0.132777, -0.119809, 0.992779, 0.005938, 0.132528, 0.010065, 0.991128)
Right_Leg_k7.Parent = Root_k7

Head_k7 = Instance.new("Pose")
Head_k7.Name = "Head"
Head_k7.CFrame = cf(0.000000, 0.000000, 0.016662, 0.999155, 0.040442, -0.007393, -0.040333, 0.999083, 0.014394, 0.007968, -0.014084, 0.999869)
Head_k7.Parent = Root_k7

-- Keyframe 8 (Time: 0.19387938268482685)
keyframe8 = Instance.new("Keyframe")
keyframe8.Time = 0.19387938268482685
keyframe8.Parent = KeyframeSequence

Root_k8 = Instance.new("Pose")
Root_k8.Name = "HumanoidRootPart"
Root_k8.CFrame = cf(0,0,0, 1,0,0, 0,1,0, 0,0,1)
Root_k8.Parent = keyframe8

Left_Leg_k8 = Instance.new("Pose")
Left_Leg_k8.Name = "Left Leg"
Left_Leg_k8.CFrame = cf(-0.160168, 0.008770, 0.004866, 0.995222, -0.081109, 0.054350, 0.081507, 0.996660, -0.005137, -0.053752, 0.009542, 0.998509)
Left_Leg_k8.Parent = Root_k8

Right_Arm_k8 = Instance.new("Pose")
Right_Arm_k8.Name = "Right Arm"
Right_Arm_k8.CFrame = cf(0.597005, -0.011620, 0.007549, 0.471966, -0.811277, -0.345076, 0.305704, 0.517727, -0.799064, 0.826918, 0.271640, 0.492361)
Right_Arm_k8.Parent = Root_k8

Left_Arm_k8 = Instance.new("Pose")
Left_Arm_k8.Name = "Left Arm"
Left_Arm_k8.CFrame = cf(-0.639716, 0.548085, -0.043908, -0.521062, 0.486292, 0.701437, -0.265517, -0.873395, 0.408268, 0.811169, 0.026490, 0.584212)
Left_Arm_k8.Parent = Root_k8

Torso_k8 = Instance.new("Pose")
Torso_k8.Name = "Torso"
Torso_k8.CFrame = cf(0.000000, 0.000000, 0.000000, 1.000000, 0.000000, 0.000000, 0.000000, 1.000000, 0.000000, 0.000000, 0.000000, 1.000000)
Torso_k8.Parent = Root_k8

Right_Leg_k8 = Instance.new("Pose")
Right_Leg_k8.Name = "Right Leg"
Right_Leg_k8.CFrame = cf(0.141022, 0.012172, 0.018887, 0.985365, 0.110704, -0.129620, -0.110790, 0.993822, 0.006573, 0.129546, 0.007884, 0.991542)
Right_Leg_k8.Parent = Root_k8

Head_k8 = Instance.new("Pose")
Head_k8.Name = "Head"
Head_k8.CFrame = cf(0.000000, 0.000000, 0.016662, 0.999205, 0.039104, -0.007731, -0.038997, 0.999147, 0.013576, 0.008256, -0.013264, 0.999878)
Head_k8.Parent = Root_k8

-- Keyframe 9 (Time: 0.21987080201506615)
keyframe9 = Instance.new("Keyframe")
keyframe9.Time = 0.21987080201506615
keyframe9.Parent = KeyframeSequence

Root_k9 = Instance.new("Pose")
Root_k9.Name = "HumanoidRootPart"
Root_k9.CFrame = cf(0,0,0, 1,0,0, 0,1,0, 0,0,1)
Root_k9.Parent = keyframe9

Left_Leg_k9 = Instance.new("Pose")
Left_Leg_k9.Name = "Left Leg"
Left_Leg_k9.CFrame = cf(-0.006288, -0.006403, -0.002830, 0.997124, -0.019426, 0.073251, 0.020083, 0.999764, -0.008237, -0.073074, 0.009684, 0.997279)
Left_Leg_k9.Parent = Root_k9

Right_Arm_k9 = Instance.new("Pose")
Right_Arm_k9.Name = "Right Arm"
Right_Arm_k9.CFrame = cf(0.522901, -0.044660, 0.179155, 0.148524, -0.856380, -0.494523, 0.448410, 0.504027, -0.738164, 0.881402, -0.112114, 0.458869)
Right_Arm_k9.Parent = Root_k9

Left_Arm_k9 = Instance.new("Pose")
Left_Arm_k9.Name = "Left Arm"
Left_Arm_k9.CFrame = cf(-0.553070, 0.401467, 0.153147, -0.163582, 0.506545, 0.846554, -0.308997, -0.841242, 0.443659, 0.936890, -0.189008, 0.294133)
Left_Arm_k9.Parent = Root_k9

Torso_k9 = Instance.new("Pose")
Torso_k9.Name = "Torso"
Torso_k9.CFrame = cf(0.000000, 0.000000, 0.000000, 1.000000, 0.000000, 0.000000, 0.000000, 1.000000, 0.000000, 0.000000, 0.000000, 1.000000)
Torso_k9.Parent = Root_k9

Right_Leg_k9 = Instance.new("Pose")
Right_Leg_k9.Name = "Right Leg"
Right_Leg_k9.CFrame = cf(0.040892, 0.004295, 0.003847, 0.992185, 0.057416, -0.110778, -0.056546, 0.998340, 0.010983, 0.111224, -0.004633, 0.993784)
Right_Leg_k9.Parent = Root_k9

Head_k9 = Instance.new("Pose")
Head_k9.Name = "Head"
Head_k9.CFrame = cf(0.000000, 0.000000, 0.016662, 0.999470, 0.031068, -0.009739, -0.030984, 0.999482, 0.008654, 0.010003, -0.008348, 0.999915)
Head_k9.Parent = Root_k9

-- Keyframe 10 (Time: 0.2468618918210268)
keyframe10 = Instance.new("Keyframe")
keyframe10.Time = 0.2468618918210268
keyframe10.Parent = KeyframeSequence

Root_k10 = Instance.new("Pose")
Root_k10.Name = "HumanoidRootPart"
Root_k10.CFrame = cf(0,0,0, 1,0,0, 0,1,0, 0,0,1)
Root_k10.Parent = keyframe10

Left_Leg_k10 = Instance.new("Pose")
Left_Leg_k10.Name = "Left Leg"
Left_Leg_k10.CFrame = cf(0.019358, -0.008931, -0.004113, 0.997037, -0.009135, 0.076377, 0.009841, 0.999912, -0.008866, -0.076289, 0.009592, 0.997040)
Left_Leg_k10.Parent = Root_k10

Right_Arm_k10 = Instance.new("Pose")
Right_Arm_k10.Name = "Right Arm"
Right_Arm_k10.CFrame = cf(0.510550, -0.050167, 0.207756, 0.093916, -0.850382, -0.517716, 0.471332, 0.496024, -0.729251, 0.876941, -0.175528, 0.447397)
Right_Arm_k10.Parent = Root_k10

Left_Arm_k10 = Instance.new("Pose")
Left_Arm_k10.Name = "Left Arm"
Left_Arm_k10.CFrame = cf(-0.538629, 0.377030, 0.185989, -0.100862, 0.501697, 0.859143, -0.314293, -0.835393, 0.450931, 0.943953, -0.224541, 0.241940)
Left_Arm_k10.Parent = Root_k10

Torso_k10 = Instance.new("Pose")
Torso_k10.Name = "Torso"
Torso_k10.CFrame = cf(0.000000, 0.000000, 0.000000, 1.000000, 0.000000, 0.000000, 0.000000, 1.000000, 0.000000, 0.000000, 0.000000, 1.000000)
Torso_k10.Parent = Root_k10

Right_Leg_k10 = Instance.new("Pose")
Right_Leg_k10.Name = "Right Leg"
Right_Leg_k10.CFrame = cf(0.024203, 0.002982, 0.001340, 0.993005, 0.048494, -0.107658, -0.047495, 0.998802, 0.011818, 0.108102, -0.006622, 0.994118)
Right_Leg_k10.Parent = Root_k10

Head_k10 = Instance.new("Pose")
Head_k10.Name = "Head"
Head_k10.CFrame = cf(0.000000, 0.000000, 0.016662, 0.999507, 0.029728, -0.010070, -0.029649, 0.999530, 0.007832, 0.010298, -0.007530, 0.999919)
Head_k10.Parent = Root_k10

-- Keyframe 11 (Time: 0.26500211097300053)
keyframe11 = Instance.new("Keyframe")
keyframe11.Time = 0.26500211097300053
keyframe11.Parent = KeyframeSequence

Root_k11 = Instance.new("Pose")
Root_k11.Name = "HumanoidRootPart"
Root_k11.CFrame = cf(0,0,0, 1,0,0, 0,1,0, 0,0,1)
Root_k11.Parent = keyframe11

Left_Leg_k11 = Instance.new("Pose")
Left_Leg_k11.Name = "Left Leg"
Left_Leg_k11.CFrame = cf(0.037086, -0.009617, -0.005930, 0.996036, -0.010954, 0.088272, 0.011769, 0.999893, -0.008725, -0.088167, 0.009729, 0.996058)
Left_Leg_k11.Parent = Root_k11

Right_Arm_k11 = Instance.new("Pose")
Right_Arm_k11.Name = "Right Arm"
Right_Arm_k11.CFrame = cf(0.462668, 0.015737, 0.258411, -0.140061, -0.822927, -0.550612, 0.546438, 0.399497, -0.736076, 0.825705, -0.403971, 0.393725)
Right_Arm_k11.Parent = Root_k11

Left_Arm_k11 = Instance.new("Pose")
Left_Arm_k11.Name = "Left Arm"
Left_Arm_k11.CFrame = cf(-0.481818, 0.294298, 0.215515, 0.064900, 0.555971, 0.828664, -0.384532, -0.752351, 0.534887, 0.920827, -0.353362, 0.164961)
Left_Arm_k11.Parent = Root_k11

Torso_k11 = Instance.new("Pose")
Torso_k11.Name = "Torso"
Torso_k11.CFrame = cf(0.000000, 0.000000, 0.000000, 1.000000, 0.000000, 0.000000, 0.000000, 1.000000, 0.000000, 0.000000, 0.000000, 1.000000)
Torso_k11.Parent = Root_k11

Right_Leg_k11 = Instance.new("Pose")
Right_Leg_k11.Name = "Right Leg"
Right_Leg_k11.CFrame = cf(0.003468, 0.002096, -0.000713, 0.994740, 0.036400, -0.095741, -0.035372, 0.999297, 0.012416, 0.096126, -0.008964, 0.995329)
Right_Leg_k11.Parent = Root_k11

Head_k11 = Instance.new("Pose")
Head_k11.Name = "Head"
Head_k11.CFrame = cf(0.000000, -0.000000, 0.016662, 0.999676, 0.023467, -0.009853, -0.023443, 0.999722, 0.002619, 0.009912, -0.002387, 0.999948)
Head_k11.Parent = Root_k11

-- Keyframe 12 (Time: 0.28802350163459778)
keyframe12 = Instance.new("Keyframe")
keyframe12.Time = 0.28802350163459778
keyframe12.Parent = KeyframeSequence

Root_k12 = Instance.new("Pose")
Root_k12.Name = "HumanoidRootPart"
Root_k12.CFrame = cf(0,0,0, 1,0,0, 0,1,0, 0,0,1)
Root_k12.Parent = keyframe12

Left_Leg_k12 = Instance.new("Pose")
Left_Leg_k12.Name = "Left Leg"
Left_Leg_k12.CFrame = cf(0.081406, -0.011330, -0.010474, 0.992899, -0.015492, 0.117950, 0.016583, 0.999828, -0.008271, -0.117802, 0.010168, 0.992985)
Left_Leg_k12.Parent = Root_k12

Right_Arm_k12 = Instance.new("Pose")
Right_Arm_k12.Name = "Right Arm"
Right_Arm_k12.CFrame = cf(0.342965, 0.180496, 0.385047, -0.650393, -0.501515, -0.570502, 0.611633, 0.099607, -0.784846, 0.450438, -0.859396, 0.241960)
Right_Arm_k12.Parent = Root_k12

Left_Arm_k12 = Instance.new("Pose")
Left_Arm_k12.Name = "Left Arm"
Left_Arm_k12.CFrame = cf(-0.339792, 0.087470, 0.289330, 0.481179, 0.567205, 0.668390, -0.459330, -0.486277, 0.743337, 0.746647, -0.664690, 0.026548)
Left_Arm_k12.Parent = Root_k12

Torso_k12 = Instance.new("Pose")
Torso_k12.Name = "Torso"
Torso_k12.CFrame = cf(0.000000, 0.000000, 0.000000, 1.000000, 0.000000, 0.000000, 0.000000, 1.000000, 0.000000, 0.000000, 0.000000, 1.000000)
Torso_k12.Parent = Root_k12

Right_Leg_k12 = Instance.new("Pose")
Right_Leg_k12.Name = "Right Leg"
Right_Leg_k12.CFrame = cf(-0.048369, -0.000119, -0.005846, 0.997806, 0.006028, -0.065928, -0.005080, 0.999881, 0.014548, 0.066008, -0.014181, 0.997718)
Right_Leg_k12.Parent = Root_k12

Head_k12 = Instance.new("Pose")
Head_k12.Name = "Head"
Head_k12.CFrame = cf(0.000000, -0.000000, 0.016662, 0.999927, 0.007818, -0.009169, -0.007913, 0.999915, -0.010408, 0.009087, 0.010480, 0.999904)
Head_k12.Parent = Root_k12

-- Keyframe 13 (Time: 0.31104489229619503)
keyframe13 = Instance.new("Keyframe")
keyframe13.Time = 0.31104489229619503
keyframe13.Parent = KeyframeSequence

Root_k13 = Instance.new("Pose")
Root_k13.Name = "HumanoidRootPart"
Root_k13.CFrame = cf(0,0,0, 1,0,0, 0,1,0, 0,0,1)
Root_k13.Parent = keyframe13

Left_Leg_k13 = Instance.new("Pose")
Left_Leg_k13.Name = "Left Leg"
Left_Leg_k13.CFrame = cf(0.090270, -0.011673, -0.011382, 0.992163, -0.016398, 0.123873, 0.017544, 0.999813, -0.008163, -0.123716, 0.010272, 0.992265)
Left_Leg_k13.Parent = Root_k13

Right_Arm_k13 = Instance.new("Pose")
Right_Arm_k13.Name = "Right Arm"
Right_Arm_k13.CFrame = cf(0.319025, 0.213447, 0.410374, -0.719546, -0.406565, -0.562991, 0.601071, 0.041414, -0.798122, 0.347804, -0.912683, 0.214575)
Right_Arm_k13.Parent = Root_k13

Left_Arm_k13 = Instance.new("Pose")
Left_Arm_k13.Name = "Left Arm"
Left_Arm_k13.CFrame = cf(-0.311387, 0.046104, 0.304093, 0.555522, 0.547879, 0.625478, -0.455361, -0.428946, 0.780161, 0.695731, -0.718215, 0.011193)
Left_Arm_k13.Parent = Root_k13

Torso_k13 = Instance.new("Pose")
Torso_k13.Name = "Torso"
Torso_k13.CFrame = cf(0.000000, 0.000000, 0.000000, 1.000000, 0.000000, 0.000000, 0.000000, 1.000000, 0.000000, 0.000000, 0.000000, 1.000000)
Torso_k13.Parent = Root_k13

Right_Leg_k13 = Instance.new("Pose")
Right_Leg_k13.Name = "Right Leg"
Right_Leg_k13.CFrame = cf(-0.058736, -0.000562, -0.006872, 0.998200, -0.000065, -0.059966, 0.000971, 0.999886, 0.015083, 0.059959, -0.015114, 0.998086)
Right_Leg_k13.Parent = Root_k13

Head_k13 = Instance.new("Pose")
Head_k13.Name = "Head"
Head_k13.CFrame = cf(0.000000, -0.000001, 0.016662, 0.999948, 0.004689, -0.009008, -0.004806, 0.999904, -0.013012, 0.008946, 0.013055, 0.999875)
Head_k13.Parent = Root_k13

-- Keyframe 14 (Time: 0.33306535147130489)
keyframe14 = Instance.new("Keyframe")
keyframe14.Time = 0.33306535147130489
keyframe14.Parent = KeyframeSequence

Root_k14 = Instance.new("Pose")
Root_k14.Name = "HumanoidRootPart"
Root_k14.CFrame = cf(0,0,0, 1,0,0, 0,1,0, 0,0,1)
Root_k14.Parent = keyframe14

Left_Leg_k14 = Instance.new("Pose")
Left_Leg_k14.Name = "Left Leg"
Left_Leg_k14.CFrame = cf(0.094206, -0.011642, -0.012141, 0.991032, -0.022609, 0.131697, 0.023685, 0.999698, -0.006609, -0.131507, 0.009669, 0.991268)
Left_Leg_k14.Parent = Root_k14

Right_Arm_k14 = Instance.new("Pose")
Right_Arm_k14.Name = "Right Arm"
Right_Arm_k14.CFrame = cf(0.305396, 0.288737, 0.401771, -0.755490, -0.372748, -0.538789, 0.598094, -0.056705, -0.799417, 0.267430, -0.926198, 0.265778)
Right_Arm_k14.Parent = Root_k14

Left_Arm_k14 = Instance.new("Pose")
Left_Arm_k14.Name = "Left Arm"
Left_Arm_k14.CFrame = cf(-0.263961, -0.028690, 0.298155, 0.676983, 0.508377, 0.532209, -0.460893, -0.270949, 0.845082, 0.573822, -0.817398, 0.050879)
Left_Arm_k14.Parent = Root_k14

Torso_k14 = Instance.new("Pose")
Torso_k14.Name = "Torso"
Torso_k14.CFrame = cf(0.000000, 0.000000, 0.000000, 1.000000, 0.000000, 0.000000, 0.000000, 1.000000, 0.000000, 0.000000, 0.000000, 1.000000)
Torso_k14.Parent = Root_k14

Right_Leg_k14 = Instance.new("Pose")
Right_Leg_k14.Name = "Right Leg"
Right_Leg_k14.CFrame = cf(-0.054933, -0.001772, -0.006483, 0.998642, 0.001993, -0.052063, -0.001242, 0.999895, 0.014452, 0.052086, -0.014368, 0.998539)
Right_Leg_k14.Parent = Root_k14

Head_k14 = Instance.new("Pose")
Head_k14.Name = "Head"
Head_k14.CFrame = cf(0.000000, -0.000000, 0.016662, 0.999953, 0.003293, -0.009090, -0.003440, 0.999863, -0.016212, 0.009036, 0.016242, 0.999827)
Head_k14.Parent = Root_k14

-- Keyframe 15 (Time: 0.35697243548929691)
keyframe15 = Instance.new("Keyframe")
keyframe15.Time = 0.35697243548929691
keyframe15.Parent = KeyframeSequence

Root_k15 = Instance.new("Pose")
Root_k15.Name = "HumanoidRootPart"
Root_k15.CFrame = cf(0,0,0, 1,0,0, 0,1,0, 0,0,1)
Root_k15.Parent = keyframe15

Left_Leg_k15 = Instance.new("Pose")
Left_Leg_k15.Name = "Left Leg"
Left_Leg_k15.CFrame = cf(0.106014, -0.011549, -0.014415, 0.987043, -0.041260, 0.155057, 0.042025, 0.999115, -0.001657, -0.154852, 0.008152, 0.987904)
Left_Leg_k15.Parent = Root_k15

Right_Arm_k15 = Instance.new("Pose")
Right_Arm_k15.Name = "Right Arm"
Right_Arm_k15.CFrame = cf(0.264510, 0.514607, 0.375963, -0.842757, -0.246415, -0.478582, 0.537697, -0.343474, -0.770005, 0.025360, -0.906259, 0.421961)
Right_Arm_k15.Parent = Root_k15

Left_Arm_k15 = Instance.new("Pose")
Left_Arm_k15.Name = "Left Arm"
Left_Arm_k15.CFrame = cf(-0.121684, -0.253071, 0.280339, 0.939926, 0.227589, 0.254446, -0.302405, 0.209245, 0.929929, 0.158400, -0.951010, 0.265499)
Left_Arm_k15.Parent = Root_k15

Torso_k15 = Instance.new("Pose")
Torso_k15.Name = "Torso"
Torso_k15.CFrame = cf(0.000000, 0.000000, 0.000000, 1.000000, 0.000000, 0.000000, 0.000000, 1.000000, 0.000000, 0.000000, 0.000000, 1.000000)
Torso_k15.Parent = Root_k15

Right_Leg_k15 = Instance.new("Pose")
Right_Leg_k15.Name = "Right Leg"
Right_Leg_k15.CFrame = cf(-0.043523, -0.005403, -0.005316, 0.999565, 0.008202, -0.028345, -0.007851, 0.999892, 0.012455, 0.028444, -0.012228, 0.999521)
Right_Leg_k15.Parent = Root_k15

Head_k15 = Instance.new("Pose")
Head_k15.Name = "Head"
Head_k15.CFrame = cf(0.000000, 0.000000, 0.016662, 0.999956, -0.000897, -0.009311, 0.000656, 0.999667, -0.025810, 0.009331, 0.025802, 0.999624)
Head_k15.Parent = Root_k15

-- Keyframe 16 (Time: 0.37896942161023617)
keyframe16 = Instance.new("Keyframe")
keyframe16.Time = 0.37896942161023617
keyframe16.Parent = KeyframeSequence

Root_k16 = Instance.new("Pose")
Root_k16.Name = "HumanoidRootPart"
Root_k16.CFrame = cf(0,0,0, 1,0,0, 0,1,0, 0,0,1)
Root_k16.Parent = keyframe16

Left_Leg_k16 = Instance.new("Pose")
Left_Leg_k16.Name = "Left Leg"
Left_Leg_k16.CFrame = cf(0.106014, -0.011549, -0.014415, 0.987043, -0.041260, 0.155057, 0.042025, 0.999115, -0.001657, -0.154852, 0.008152, 0.987904)
Left_Leg_k16.Parent = Root_k16

Right_Arm_k16 = Instance.new("Pose")
Right_Arm_k16.Name = "Right Arm"
Right_Arm_k16.CFrame = cf(0.264510, 0.514607, 0.375963, -0.842757, -0.246415, -0.478582, 0.537697, -0.343474, -0.770005, 0.025360, -0.906259, 0.421961)
Right_Arm_k16.Parent = Root_k16

Left_Arm_k16 = Instance.new("Pose")
Left_Arm_k16.Name = "Left Arm"
Left_Arm_k16.CFrame = cf(-0.121684, -0.253071, 0.280339, 0.939926, 0.227589, 0.254446, -0.302405, 0.209245, 0.929929, 0.158400, -0.951010, 0.265499)
Left_Arm_k16.Parent = Root_k16

Torso_k16 = Instance.new("Pose")
Torso_k16.Name = "Torso"
Torso_k16.CFrame = cf(0.000000, 0.000000, 0.000000, 1.000000, 0.000000, 0.000000, 0.000000, 1.000000, 0.000000, 0.000000, 0.000000, 1.000000)
Torso_k16.Parent = Root_k16

Right_Leg_k16 = Instance.new("Pose")
Right_Leg_k16.Name = "Right Leg"
Right_Leg_k16.CFrame = cf(-0.043523, -0.005403, -0.005316, 0.999565, 0.008202, -0.028345, -0.007851, 0.999892, 0.012455, 0.028444, -0.012228, 0.999521)
Right_Leg_k16.Parent = Root_k16

Head_k16 = Instance.new("Pose")
Head_k16.Name = "Head"
Head_k16.CFrame = cf(0.000000, 0.000000, 0.016662, 0.999956, -0.000897, -0.009311, 0.000656, 0.999667, -0.025810, 0.009331, 0.025802, 0.999624)
Head_k16.Parent = Root_k16

-- Keyframe 17 (Time: 0.40496585890650749)
keyframe17 = Instance.new("Keyframe")
keyframe17.Time = 0.40496585890650749
keyframe17.Parent = KeyframeSequence

Root_k17 = Instance.new("Pose")
Root_k17.Name = "HumanoidRootPart"
Root_k17.CFrame = cf(0,0,0, 1,0,0, 0,1,0, 0,0,1)
Root_k17.Parent = keyframe17

Left_Leg_k17 = Instance.new("Pose")
Left_Leg_k17.Name = "Left Leg"
Left_Leg_k17.CFrame = cf(0.105718, -0.011876, -0.014321, 0.987249, -0.040144, 0.154041, 0.040499, 0.999179, 0.000834, -0.153948, 0.005415, 0.988064)
Left_Leg_k17.Parent = Root_k17

Right_Arm_k17 = Instance.new("Pose")
Right_Arm_k17.Name = "Right Arm"
Right_Arm_k17.CFrame = cf(0.285338, 0.559535, 0.324327, -0.853487, -0.225625, -0.469738, 0.515216, -0.500585, -0.695678, -0.078181, -0.835768, 0.543489)
Right_Arm_k17.Parent = Root_k17

Left_Arm_k17 = Instance.new("Pose")
Left_Arm_k17.Name = "Left Arm"
Left_Arm_k17.CFrame = cf(-0.106653, -0.300522, 0.229600, 0.937483, 0.194366, 0.288700, -0.341191, 0.349621, 0.872556, 0.068659, -0.916508, 0.394080)
Left_Arm_k17.Parent = Root_k17

Torso_k17 = Instance.new("Pose")
Torso_k17.Name = "Torso"
Torso_k17.CFrame = cf(0.000000, 0.000000, 0.000000, 1.000000, 0.000000, 0.000000, 0.000000, 1.000000, 0.000000, 0.000000, 0.000000, 1.000000)
Torso_k17.Parent = Root_k17

Right_Leg_k17 = Instance.new("Pose")
Right_Leg_k17.Name = "Right Leg"
Right_Leg_k17.CFrame = cf(-0.044220, -0.008352, -0.005348, 0.999540, 0.007455, -0.029395, -0.007174, 0.999928, 0.009666, 0.029465, -0.009451, 0.999521)
Right_Leg_k17.Parent = Root_k17

Head_k17 = Instance.new("Pose")
Head_k17.Name = "Head"
Head_k17.CFrame = cf(0.000000, 0.000000, 0.016662, 0.999903, 0.008824, -0.010767, -0.009107, 0.999606, -0.026535, 0.010529, 0.026630, 0.999590)
Head_k17.Parent = Root_k17

-- Keyframe 18 (Time: 0.43496174924075603)
keyframe18 = Instance.new("Keyframe")
keyframe18.Time = 0.43496174924075603
keyframe18.Parent = KeyframeSequence

Root_k18 = Instance.new("Pose")
Root_k18.Name = "HumanoidRootPart"
Root_k18.CFrame = cf(0,0,0, 1,0,0, 0,1,0, 0,0,1)
Root_k18.Parent = keyframe18

Left_Leg_k18 = Instance.new("Pose")
Left_Leg_k18.Name = "Left Leg"
Left_Leg_k18.CFrame = cf(0.105225, -0.012421, -0.014166, 0.987584, -0.038278, 0.152355, 0.037962, 0.999267, 0.004988, -0.152434, 0.000858, 0.988313)
Left_Leg_k18.Parent = Root_k18

Right_Arm_k18 = Instance.new("Pose")
Right_Arm_k18.Name = "Right Arm"
Right_Arm_k18.CFrame = cf(0.320052, 0.634413, 0.238267, -0.866726, -0.186769, -0.462498, 0.438508, -0.727194, -0.528109, -0.237692, -0.660535, 0.712178)
Right_Arm_k18.Parent = Root_k18

Left_Arm_k18 = Instance.new("Pose")
Left_Arm_k18.Name = "Left Arm"
Left_Arm_k18.CFrame = cf(-0.081602, -0.379606, 0.145037, 0.923219, 0.150468, 0.353590, -0.373474, 0.567963, 0.733441, -0.090467, -0.809183, 0.580550)
Left_Arm_k18.Parent = Root_k18

Torso_k18 = Instance.new("Pose")
Torso_k18.Name = "Torso"
Torso_k18.CFrame = cf(0.000000, 0.000000, 0.000000, 1.000000, 0.000000, 0.000000, 0.000000, 1.000000, 0.000000, 0.000000, 0.000000, 1.000000)
Torso_k18.Parent = Root_k18

Right_Leg_k18 = Instance.new("Pose")
Right_Leg_k18.Name = "Right Leg"
Right_Leg_k18.CFrame = cf(-0.045381, -0.013269, -0.005403, 0.999496, 0.006204, -0.031141, -0.006051, 0.999969, 0.005015, 0.031171, -0.004824, 0.999502)
Right_Leg_k18.Parent = Root_k18

Head_k18 = Instance.new("Pose")
Head_k18.Name = "Head"
Head_k18.CFrame = cf(0.000000, 0.000000, 0.016662, 0.999600, 0.025021, -0.013211, -0.025380, 0.999294, -0.027714, 0.012508, 0.028038, 0.999529)
Head_k18.Parent = Root_k18

-- Keyframe 19 (Time: 0.45900301076471806)
keyframe19 = Instance.new("Keyframe")
keyframe19.Time = 0.45900301076471806
keyframe19.Parent = KeyframeSequence

Root_k19 = Instance.new("Pose")
Root_k19.Name = "HumanoidRootPart"
Root_k19.CFrame = cf(0,0,0, 1,0,0, 0,1,0, 0,0,1)
Root_k19.Parent = keyframe19

Left_Leg_k19 = Instance.new("Pose")
Left_Leg_k19.Name = "Left Leg"
Left_Leg_k19.CFrame = cf(0.105224, -0.012421, -0.014166, 0.987584, -0.038279, 0.152354, 0.037962, 0.999267, 0.004988, -0.152434, 0.000858, 0.988313)
Left_Leg_k19.Parent = Root_k19

Right_Arm_k19 = Instance.new("Pose")
Right_Arm_k19.Name = "Right Arm"
Right_Arm_k19.CFrame = cf(0.320052, 0.634413, 0.238267, -0.866725, -0.186769, -0.462498, 0.438508, -0.727195, -0.528108, -0.237692, -0.660533, 0.712178)
Right_Arm_k19.Parent = Root_k19

Left_Arm_k19 = Instance.new("Pose")
Left_Arm_k19.Name = "Left Arm"
Left_Arm_k19.CFrame = cf(-0.081602, -0.379607, 0.145037, 0.923219, 0.150469, 0.353591, -0.373474, 0.567964, 0.733440, -0.090467, -0.809182, 0.580551)
Left_Arm_k19.Parent = Root_k19

Torso_k19 = Instance.new("Pose")
Torso_k19.Name = "Torso"
Torso_k19.CFrame = cf(0.000000, 0.000000, 0.000000, 1.000000, 0.000000, 0.000000, 0.000000, 1.000000, 0.000000, 0.000000, 0.000000, 1.000000)
Torso_k19.Parent = Root_k19

Right_Leg_k19 = Instance.new("Pose")
Right_Leg_k19.Name = "Right Leg"
Right_Leg_k19.CFrame = cf(-0.045381, -0.013269, -0.005402, 0.999496, 0.006204, -0.031141, -0.006051, 0.999969, 0.005015, 0.031171, -0.004824, 0.999502)
Right_Leg_k19.Parent = Root_k19

Head_k19 = Instance.new("Pose")
Head_k19.Name = "Head"
Head_k19.CFrame = cf(0.000000, -0.000000, 0.016662, 0.999600, 0.025021, -0.013211, -0.025380, 0.999294, -0.027714, 0.012508, 0.028038, 0.999529)
Head_k19.Parent = Root_k19

-- Keyframe 20 (Time: 0.48200917430222034)
keyframe20 = Instance.new("Keyframe")
keyframe20.Time = 0.48200917430222034
keyframe20.Parent = KeyframeSequence

Root_k20 = Instance.new("Pose")
Root_k20.Name = "HumanoidRootPart"
Root_k20.CFrame = cf(0,0,0, 1,0,0, 0,1,0, 0,0,1)
Root_k20.Parent = keyframe20

Left_Leg_k20 = Instance.new("Pose")
Left_Leg_k20.Name = "Left Leg"
Left_Leg_k20.CFrame = cf(-0.074484, -0.010645, 0.009731, 0.984733, -0.110596, 0.134420, 0.110360, 0.993849, 0.009229, -0.134614, 0.005746, 0.990882)
Left_Leg_k20.Parent = Root_k20

Right_Arm_k20 = Instance.new("Pose")
Right_Arm_k20.Name = "Right Arm"
Right_Arm_k20.CFrame = cf(0.337976, 0.612814, 0.132248, -0.857499, -0.195733, -0.475798, 0.334810, -0.914483, -0.227207, -0.390637, -0.354132, 0.849702)
Right_Arm_k20.Parent = Root_k20

Left_Arm_k20 = Instance.new("Pose")
Left_Arm_k20.Name = "Left Arm"
Left_Arm_k20.CFrame = cf(-0.112793, -0.390923, 0.014403, 0.754319, 0.511583, 0.411444, -0.638104, 0.718675, 0.276276, -0.154356, -0.470944, 0.868554)
Left_Arm_k20.Parent = Root_k20

Torso_k20 = Instance.new("Pose")
Torso_k20.Name = "Torso"
Torso_k20.CFrame = cf(0.000000, 0.000000, 0.000000, 1.000000, 0.000000, 0.000000, 0.000000, 1.000000, 0.000000, 0.000000, 0.000000, 1.000000)
Torso_k20.Parent = Root_k20

Right_Leg_k20 = Instance.new("Pose")
Right_Leg_k20.Name = "Right Leg"
Right_Leg_k20.CFrame = cf(0.092124, -0.015376, 0.001858, 0.995939, 0.075309, -0.049327, -0.075497, 0.997144, -0.001958, 0.049039, 0.005675, 0.998781)
Right_Leg_k20.Parent = Root_k20

Head_k20 = Instance.new("Pose")
Head_k20.Name = "Head"
Head_k20.CFrame = cf(0.000000, -0.000000, 0.016662, 0.998376, 0.054287, -0.017265, -0.054725, 0.998163, -0.025993, 0.015822, 0.026896, 0.999513)
Head_k20.Parent = Root_k20

-- Keyframe 21 (Time: 0.5100166779011488)
keyframe21 = Instance.new("Keyframe")
keyframe21.Time = 0.5100166779011488
keyframe21.Parent = KeyframeSequence

Root_k21 = Instance.new("Pose")
Root_k21.Name = "HumanoidRootPart"
Root_k21.CFrame = cf(0,0,0, 1,0,0, 0,1,0, 0,0,1)
Root_k21.Parent = keyframe21

Left_Leg_k21 = Instance.new("Pose")
Left_Leg_k21.Name = "Left Leg"
Left_Leg_k21.CFrame = cf(-0.134387, -0.010053, 0.017697, 0.982549, -0.134604, 0.128371, 0.134392, 0.990874, 0.010349, -0.128593, 0.007083, 0.991672)
Left_Leg_k21.Parent = Root_k21

Right_Arm_k21 = Instance.new("Pose")
Right_Arm_k21.Name = "Right Arm"
Right_Arm_k21.CFrame = cf(0.343950, 0.605614, 0.096909, -0.854588, -0.199906, -0.479288, 0.288798, -0.950003, -0.118703, -0.431596, -0.239860, 0.869593)
Right_Arm_k21.Parent = Root_k21

Left_Arm_k21 = Instance.new("Pose")
Left_Arm_k21.Name = "Left Arm"
Left_Arm_k21.CFrame = cf(-0.123190, -0.394696, -0.029141, 0.683676, 0.621888, 0.381893, -0.700544, 0.705897, 0.104626, -0.204512, -0.339063, 0.918265)
Left_Arm_k21.Parent = Root_k21

Torso_k21 = Instance.new("Pose")
Torso_k21.Name = "Torso"
Torso_k21.CFrame = cf(0.000000, 0.000000, 0.000000, 1.000000, 0.000000, 0.000000, 0.000000, 1.000000, 0.000000, 0.000000, 0.000000, 1.000000)
Torso_k21.Parent = Root_k21

Right_Leg_k21 = Instance.new("Pose")
Right_Leg_k21.Name = "Right Leg"
Right_Leg_k21.CFrame = cf(0.137959, -0.016078, 0.004279, 0.993616, 0.098231, -0.055487, -0.098603, 0.995119, -0.003999, 0.054823, 0.009445, 0.998451)
Right_Leg_k21.Parent = Root_k21

Head_k21 = Instance.new("Pose")
Head_k21.Name = "Head"
Head_k21.CFrame = cf(0.000000, -0.000001, 0.016662, 0.997774, 0.064035, -0.018606, -0.064497, 0.997595, -0.025393, 0.016935, 0.026537, 0.999504)
Head_k21.Parent = Root_k21

-- Keyframe 22 (Time: 0.53302284143865108)
keyframe22 = Instance.new("Keyframe")
keyframe22.Time = 0.53302284143865108
keyframe22.Parent = KeyframeSequence

Root_k22 = Instance.new("Pose")
Root_k22.Name = "HumanoidRootPart"
Root_k22.CFrame = cf(0,0,0, 1,0,0, 0,1,0, 0,0,1)
Root_k22.Parent = keyframe22

Left_Leg_k22 = Instance.new("Pose")
Left_Leg_k22.Name = "Left Leg"
Left_Leg_k22.CFrame = cf(-0.166197, -0.006429, 0.019618, 0.982039, -0.144088, 0.121809, 0.143792, 0.989544, 0.011265, -0.122158, 0.006453, 0.992490)
Left_Leg_k22.Parent = Root_k22

Right_Arm_k22 = Instance.new("Pose")
Right_Arm_k22.Name = "Right Arm"
Right_Arm_k22.CFrame = cf(0.318563, 0.581044, 0.085605, -0.851086, -0.251210, -0.461028, 0.293649, -0.955675, -0.021355, -0.435228, -0.153556, 0.887129)
Right_Arm_k22.Parent = Root_k22

Left_Arm_k22 = Instance.new("Pose")
Left_Arm_k22.Name = "Left Arm"
Left_Arm_k22.CFrame = cf(-0.138196, -0.399873, -0.060750, 0.619528, 0.752645, 0.222961, -0.751386, 0.650792, -0.109038, -0.227168, -0.099977, 0.968710)
Left_Arm_k22.Parent = Root_k22

Torso_k22 = Instance.new("Pose")
Torso_k22.Name = "Torso"
Torso_k22.CFrame = cf(0.000000, 0.000000, 0.000000, 1.000000, 0.000000, 0.000000, 0.000000, 1.000000, 0.000000, 0.000000, 0.000000, 1.000000)
Torso_k22.Parent = Root_k22

Right_Leg_k22 = Instance.new("Pose")
Right_Leg_k22.Name = "Right Leg"
Right_Leg_k22.CFrame = cf(0.163480, -0.014716, 0.007585, 0.991838, 0.111365, -0.062089, -0.111932, 0.993699, -0.005723, 0.061060, 0.012626, 0.998054)
Right_Leg_k22.Parent = Root_k22

Head_k22 = Instance.new("Pose")
Head_k22.Name = "Head"
Head_k22.CFrame = cf(0.000000, -0.000001, 0.016662, 0.997113, 0.072106, -0.023791, -0.072710, 0.997026, -0.025543, 0.021879, 0.027199, 0.999391)
Head_k22.Parent = Root_k22

-- Keyframe 23 (Time: 0.55477179400622845)
keyframe23 = Instance.new("Keyframe")
keyframe23.Time = 0.55477179400622845
keyframe23.Parent = KeyframeSequence

Root_k23 = Instance.new("Pose")
Root_k23.Name = "HumanoidRootPart"
Root_k23.CFrame = cf(0,0,0, 1,0,0, 0,1,0, 0,0,1)
Root_k23.Parent = keyframe23

Left_Leg_k23 = Instance.new("Pose")
Left_Leg_k23.Name = "Left Leg"
Left_Leg_k23.CFrame = cf(-0.245723, 0.002633, 0.024421, 0.980190, -0.167721, 0.105345, 0.167258, 0.985824, 0.013279, -0.106079, 0.004604, 0.994347)
Left_Leg_k23.Parent = Root_k23

Right_Arm_k23 = Instance.new("Pose")
Right_Arm_k23.Name = "Right Arm"
Right_Arm_k23.CFrame = cf(0.255097, 0.519620, 0.057347, -0.841801, -0.369658, -0.393349, 0.303530, -0.926753, 0.221355, -0.446363, 0.066944, 0.892344)
Right_Arm_k23.Parent = Root_k23

Left_Arm_k23 = Instance.new("Pose")
Left_Arm_k23.Name = "Left Arm"
Left_Arm_k23.CFrame = cf(-0.175709, -0.412817, -0.139772, 0.462736, 0.835515, -0.296293, -0.807948, 0.259935, -0.528823, -0.364823, 0.484095, 0.795334)
Left_Arm_k23.Parent = Root_k23

Torso_k23 = Instance.new("Pose")
Torso_k23.Name = "Torso"
Torso_k23.CFrame = cf(0.000000, 0.000000, 0.000000, 1.000000, 0.000000, 0.000000, 0.000000, 1.000000, 0.000000, 0.000000, 0.000000, 1.000000)
Torso_k23.Parent = Root_k23

Right_Leg_k23 = Instance.new("Pose")
Right_Leg_k23.Name = "Right Leg"
